Bacteria	Country	Region	Code	Year	Aminoglycosides_r_percentage	Carbapenems_r_percentage	Fluoroquinolones_r_percentage	Third-generation_cephalosporins_r_percentage	R_multi	DDD_sys_commun	per_cap_US	GDP_total	GDP_health	Out_pocket_exp	income_pc	rural_pop	HDI	ctrl_corrup	GOV_effect	rule_law	total_pop
Escherichia_coli	Austria	Central	AT	2008	0.065392354	0.00166044	0.229243697	0.074123989	0.024365482	13.2868	5037	51708.76575	9.73	18.24393272	49110	42.034	0.884	1.843034983	1.780839682	1.922994852	8321496
Escherichia_coli	Austria	Central	AT	2009	0.059351816	0.001425178	0.204892966	0.075471698	0.020545239	13.6297	4909	47963.1794	10.23	18.05128604	49000	42.317	0.886	1.703024626	1.666579604	1.784890175	8343323
Escherichia_coli	Austria	Central	AT	2010	0.062199313	0.00040568	0.208888889	0.072553046	0.019070735	13.1338	4796	46858.04327	10.22	18.60162616	49610	42.601	0.895	1.585461736	1.841762662	1.800300002	8363404
Escherichia_coli	Austria	Central	AT	2011	0.072680905	0.000368732	0.222643896	0.091455696	0.024719101	12.6683	5161	51374.95841	10.03	18.73956323	50590	42.885	0.897	1.43189621	1.617761374	1.801554561	8391643
Escherichia_coli	Austria	Central	AT	2012	0.062668828	0.000598802	0.205540166	0.086522911	0.023229779	12.1885	4966	48567.69529	10.2	18.67409199	50060	42.853	0.899	1.389730573	1.57587254	1.858178735	8429991
Escherichia_coli	Austria	Central	AT	2013	0.071673918	0.000234907	0.219677495	0.098491773	0.031235322	14.1696	5234	50716.70871	10.29	19.17125136	50700	42.664	0.896	1.55079484	1.588477135	1.851382136	8479823
Escherichia_coli	Austria	Central	AT	2014	0.070884469	0.000217391	0.198190435	0.093690652	0.026036016	12.0866	5386	51717.49594	10.37	19.09817606	50370	42.474	0.904	1.474734902	1.572585702	1.952464104	8546356
Escherichia_coli	Austria	Central	AT	2015	0.06981982	0.000210084	0.200291181	0.096734694	0.029258098	12.0588	4611	44178.04738	10.37	19.09111291	47450	42.285	0.906	1.519275665	1.47912693	1.855246663	8642699
Escherichia_coli	Austria	Central	AT	2016	0.078125	0.00019478	0.198370595	0.100056958	0.035148042	11.4237	4719	45237.80509	10.42	19.30112839	46220	42.095	0.909	1.548537016	1.511904955	1.814966559	8736668
Escherichia_coli	Austria	Central	AT	2017	0.077096653	0.000191314	0.204583566	0.096315071	0.032735161	11.9188	4940	47549.07904	10.4	19.2032665	45150	41.906	0.912	1.526028633	1.461260676	1.81247282	8797566
Escherichia_coli	Austria	Central	AT	2018	0.082264957	0.000718907	0.218524388	0.102080395	0.036441586	10.4153	4940	51525.04643	10.4	19.2032665	49400	41.703	0.914	1.59649229	1.453342438	1.874770164	8840521
Escherichia_coli	Belgium	Western	BE	2008	0.043521266	0	0.168429003	0.041873669	0.002024291	22.6763	4540	48106.89292	9.34	18.43404472	46470	2.445	0.899	1.374890208	1.389755607	1.345494866	10709973
Escherichia_coli	Belgium	Western	BE	2009	0.072803347	0	0.199468085	0.064536341	0.016170213	22.1649	4567	44583.54481	10.14	18.16453636	46840	2.397	0.899	1.460205913	1.571341515	1.384072661	10796493
Escherichia_coli	Belgium	Western	BE	2010	0.056186869	0	0.215488215	0.051741803	0.009603073	23.1055	4450	44141.87814	9.97	18.17270666	46950	2.349	0.903	1.527498484	1.575025916	1.393127918	10895586
Escherichia_coli	Belgium	Western	BE	2011	0.071154517	0	0.215271908	0.060476788	0.01613469	23.6027	4856	47348.52502	10.14	18.17521751	46400	2.302	0.904	1.575072408	1.656355858	1.418425918	11038264
Escherichia_coli	Belgium	Western	BE	2012	0.072757475	0.000242777	0.221621622	0.068830852	0.019679787	23.9409	4615	44673.11588	10.27	17.73408204	47100	2.256	0.905	1.608068228	1.602476358	1.427129149	11106932
Escherichia_coli	Belgium	Western	BE	2013	0.073436083	0.000471032	0.229516168	0.079980252	0.026768642	22.5706	4850	46744.66254	10.37	18.03226322	47880	2.211	0.908	1.673882127	1.607339144	1.43843472	11159407
Escherichia_coli	Belgium	Western	BE	2014	0.088508557	0.000382555	0.267025779	0.097430407	0.039119804	22.3619	4944	47700.54036	10.41	17.49034077	47800	2.167	0.91	1.573291898	1.381594181	1.52343905	11209057
Escherichia_coli	Belgium	Western	BE	2015	0.083552056	0	0.26588694	0.096799074	0.034573304	22.751	4171	40991.80814	10.28	17.53991246	45540	2.124	0.913	1.57330668	1.438440561	1.463494301	11274196
Escherichia_coli	Belgium	Western	BE	2016	0.084024007	0.000520156	0.245459263	0.104896976	0.038043478	22.531	4279	41998.33575	10.3	17.86475033	43440	2.081	0.915	1.638705134	1.326213479	1.390964746	11331422
Escherichia_coli	Belgium	Western	BE	2017	0.080923322	0.000214041	0.238019169	0.097388699	0.034794157	21.1439	4507	44288.50804	10.34	17.63822287	42750	2.039	0.917	1.497134089	1.181692719	1.3434273	11375158
Escherichia_coli	Belgium	Western	BE	2018	0.074045003	0.000646412	0.218000475	0.090223945	0.030716724	20.7657	4507	47491.32326	10.34	17.63822287	45940	1.999	0.919	1.510498047	1.171748161	1.367054224	11427054
Escherichia_coli	Bulgaria	Eastern	BG	2008	0.306122449	0	0.315068493	0.292517007	0.198630137	17.4905	455.5	7265.735497	6.29	42.6291883	6070	28.378	0.771	-0.254679352	-0.047309104	-0.107263453	7492561
Escherichia_coli	Bulgaria	Eastern	BG	2009	0.171875	0.006622517	0.279792746	0.191709845	0.068421053	15.9105	459.3	6984.965976	6.61	44.36734319	6670	28.037	0.774	-0.212567106	0.166158289	-0.038340408	7444443
Escherichia_coli	Bulgaria	Eastern	BG	2010	0.146666667	0	0.331125828	0.248366013	0.074324324	15.8428	484.8	6809.898984	7.11	43.14134419	6940	27.698	0.779	-0.185103625	0.114835203	-0.069240548	7395599
Escherichia_coli	Bulgaria	Eastern	BG	2011	0.176136364	0	0.301675978	0.229050279	0.102272727	16.9587	555.9	7806.348652	7.13	44.46372688	7220	27.362	0.782	-0.220316142	0.110085554	-0.111741245	7348328
Escherichia_coli	Bulgaria	Eastern	BG	2012	0.264840183	0.02617801	0.340807175	0.381165919	0.159817352	16.1092	558.6	7393.189177	7.59	47.74680734	7430	27.025	0.786	-0.227857694	0.141888097	-0.085204966	7305888
Escherichia_coli	Bulgaria	Eastern	BG	2013	0.310160428	0.028409091	0.374331551	0.395721925	0.187165775	17.2952	600.3	7651.817881	7.87	47.10148871	7590	26.687	0.792	-0.267288208	0.157344475	-0.102405354	7265115
Escherichia_coli	Bulgaria	Eastern	BG	2014	0.291005291	0.005076142	0.386046512	0.403669725	0.20212766	18.6023	666.4	7874.260904	8.5	45.8127737	7740	26.349	0.797	-0.246874854	0.0787379	-0.046017233	7223938
Escherichia_coli	Bulgaria	Eastern	BG	2015	0.197802198	0	0.352941176	0.385365854	0.126373626	18.8214	572	7053.603706	8.2	47.66826928	7450	26.01	0.807	-0.264645517	0.208683118	-0.097004414	7177991
Escherichia_coli	Bulgaria	Eastern	BG	2016	0.347619048	0.008928571	0.421940928	0.415966387	0.220588235	17.6417	612.5	7545.790332	8.23	47.95404673	7430	25.671	0.812	-0.168443292	0.295897067	-0.061471604	7127822
Escherichia_coli	Bulgaria	Eastern	BG	2017	0.362445415	0	0.421052632	0.412955466	0.248908297	18.9446	663.7	8331.058025	8.1	46.55256867	7640	25.331	0.813	-0.161115259	0.260194153	-0.040922999	7075947
Escherichia_coli	Bulgaria	Eastern	BG	2018	0.283636364	0.01369863	0.417808219	0.386986301	0.196363636	19.3704	663.7	9423.558612	8.1	46.55256867	8910	24.992	0.816	-0.151538402	0.271875739	-0.02981348	7025037
Escherichia_coli	Croatia	Southern	HR	2008	0.051422319	0	0.149890591	0.038293217	0.010940919	20.7704	1259	16309.43901	7.7	14.51390833	14270	45.181	0.805	-0.010580561	0.569998205	0.086383566	4309705
Escherichia_coli	Croatia	Southern	HR	2009	0.092703375	0	0.202242739	0.102029685	0.047354199	17.39575	905.75	13621.19403	6.81	11.12463251	13485	44.1855	0.826	0.127946284	0.570652277	0.26862859	4247039
Escherichia_coli	Croatia	Southern	HR	2010	0.06370876	0.003440367	0.170091324	0.087301587	0.025258324	17.1814	1126	13923.62858	8.1	13.95677775	14070	44.845	0.811	0.059268434	0.622320652	0.201946497	4295427
Escherichia_coli	Croatia	Southern	HR	2011	0.071060762	0	0.202731092	0.095625636	0.02342918	16.5239	1132	14566.63847	7.79	12.05216944	14000	44.678	0.817	0.063671045	0.561252236	0.217892975	4280622
Escherichia_coli	Croatia	Southern	HR	2012	0.069922309	0	0.170403587	0.07615894	0.027118644	18.2616	1030	13238.10193	7.79	11.47245094	13420	44.494	0.82	0.009865428	0.706691682	0.245607689	4267558
Escherichia_coli	Croatia	Southern	HR	2013	0.076771654	0	0.201754386	0.0875	0.034895314	17.6101	889.9	13642.19366	6.52	8.831276745	13550	44.294	0.825	0.12422023	0.701186359	0.291649491	4255689
Escherichia_coli	Croatia	Southern	HR	2014	0.108635097	0	0.200559701	0.108433735	0.059813084	17.7681	909.4	13600.19439	6.7	11.2752825	13260	44.077	0.827	0.219041422	0.692963302	0.319685102	4238389
Escherichia_coli	Croatia	Southern	HR	2015	0.126984127	0	0.239884393	0.125239006	0.069	18.0325	795.5	11782.89908	6.79	10.94434559	12970	43.845	0.83	0.24522607	0.513849258	0.200354069	4203604
Escherichia_coli	Croatia	Southern	HR	2016	0.156767283	0	0.27857829	0.147368421	0.093841642	17.0664	840.9	12360.48382	6.83	10.97398251	12380	43.597	0.832	0.20333077	0.494286805	0.409176141	4174349
Escherichia_coli	Croatia	Southern	HR	2017	0.166377816	0	0.28173913	0.164634146	0.093556929	16.8271	902.1	13412.33829	6.79	10.97325161	12640	43.333	0.835	0.186701789	0.571306348	0.334248334	4124531
Escherichia_coli	Croatia	Southern	HR	2018	0.148760331	0	0.300250209	0.148116438	0.092173913	17.001	902.1	14920.19138	6.79	10.97325161	14010	43.053	0.837	0.131672338	0.456918329	0.32438755	4087843
Escherichia_coli	Cyprus	Eastern	CY	2008	0.100840336	0	0.453781513	0.193277311	0.092436975	28.6932	2155	35397.36368	6.02	51.4000833	31970	32.161	0.852	1.204644084	1.53257072	1.216479301	1081563
Escherichia_coli	Cyprus	Eastern	CY	2009	0.095588235	0	0.433823529	0.139705882	0.051470588	29.1558	2105	32109.24251	6.47	49.9238044	32780	32.305	0.854	0.912045002	1.41832912	1.212835073	1098083
Escherichia_coli	Cyprus	Eastern	CY	2010	0.15942029	0.007246377	0.427536232	0.201438849	0.086956522	26.2621	1959	31023.63833	6.28	40.94297886	32040	32.449	0.85	0.974873543	1.531830311	1.216248751	1112612
Escherichia_coli	Cyprus	Eastern	CY	2011	0.231884058	0.007246377	0.474452555	0.362318841	0.175182482	26.8634	2153	32396.38574	6.59	42.79902577	32550	32.594	0.853	0.866362035	1.563668251	1.07300961	1124833
Escherichia_coli	Cyprus	Eastern	CY	2012	0.210227273	0	0.420454545	0.318181818	0.147727273	25.0928	1943	28912.15694	6.69	44.02578771	29680	32.739	0.852	1.251133919	1.391171932	1.099629998	1135046
Escherichia_coli	Cyprus	Eastern	CY	2013	0.24691358	0	0.518518519	0.388888889	0.203703704	23.9493	1920	27729.1927	6.9	43.09228957	27830	32.863	0.854	1.245758176	1.366624117	1.036581397	1143866
Escherichia_coli	Cyprus	Eastern	CY	2014	0.176470588	0	0.464052288	0.287581699	0.130718954	22.1873	1846	27129.62612	6.78	44.73412633	26510	32.969	0.856	1.075781465	1.140383601	1.077018499	1152285
Escherichia_coli	Cyprus	Eastern	CY	2015	0.138211382	0	0.455284553	0.284552846	0.097560976	26.593	1582	23333.71491	6.81	44.32916045	25960	33.054	0.864	1.007443786	1.048619509	1.039910555	1160985
Escherichia_coli	Cyprus	Eastern	CY	2016	0.161073826	0	0.469798658	0.302013423	0.11409396	28.3696	1637	24532.51906	6.79	45.2442795	24700	33.119	0.869	0.826646328	0.960943103	0.721343994	1170187
Escherichia_coli	Cyprus	Eastern	CY	2017	0.217948718	0.012820513	0.429487179	0.307692308	0.153846154	28.8781	1732	26338.69434	6.68	44.63203549	24580	33.164	0.871	0.782737195	0.919977784	0.884949744	1179680
Escherichia_coli	Cyprus	Eastern	CY	2018	0.198675497	0.02	0.42384106	0.370860927	0.145695364	28.8781	1732	28689.70672	6.68	44.63203549	26620	33.19	0.873	0.640067935	0.920902193	0.752880812	1189265
Escherichia_coli	Czech_Republic	Central	CZ	2008	0.082176771	0.000473261	0.260233918	0.098612126	0.031432749	15.8673	1449	22698.85396	6.36	16.13297015	18340	26.606	0.854	0.358293951	1.013641596	0.914493978	10384603
Escherichia_coli	Czech_Republic	Central	CZ	2009	0.080686382	0.000596659	0.23168963	0.097861544	0.024470416	16.6193	1442	19741.59763	7.29	15.05053937	18690	26.676	0.857	0.386209816	0.883240402	0.962592542	10443936
Escherichia_coli	Czech_Republic	Central	CZ	2010	0.079280752	0.000607165	0.22732769	0.103545528	0.029435814	16.0064	1374	19808.07109	6.93	15.25087506	19280	26.745	0.862	0.331638575	0.905217707	0.949479163	10474410
Escherichia_coli	Czech_Republic	Central	CZ	2011	0.082022472	0	0.234899329	0.113636364	0.032995876	16.5068	1517	21717.45794	6.98	15.02145827	19420	26.815	0.865	0.341793329	0.930979669	1.036918283	10496088
Escherichia_coli	Czech_Republic	Central	CZ	2012	0.081792319	0.000578369	0.209683161	0.114509246	0.043431826	15.663	1387	19729.87051	7.03	15.29148817	19350	26.803	0.865	0.272268176	0.928921938	1.041852593	10510785
Escherichia_coli	Czech_Republic	Central	CZ	2013	0.090632398	0	0.207585506	0.131008802	0.049441246	16.8961	1555	19916.01939	7.81	13.58585358	19270	26.71	0.874	0.228798985	0.891820014	1.039771318	10514272
Escherichia_coli	Czech_Republic	Central	CZ	2014	0.106747231	0	0.216061828	0.139691068	0.063844086	17.1151	1513	19744.55861	7.65	14.08199221	18800	26.616	0.879	0.36779505	1.017592907	1.15218091	10525347
Escherichia_coli	Czech_Republic	Central	CZ	2015	0.113493064	0	0.225908373	0.145018916	0.068562401	17.3704	1284	17715.61685	7.24	14.82839435	18260	26.523	0.882	0.433735937	1.046509385	1.148088455	10546059
Escherichia_coli	Czech_Republic	Central	CZ	2016	0.121528912	0	0.276380268	0.150604378	0.079059131	17.3704	1322	18463.38658	7.15	15.02381265	17590	26.43	0.885	0.536757231	1.036739469	1.035501719	10566332
Escherichia_coli	Czech_Republic	Central	CZ	2017	0.106908409	0	0.244763989	0.142231947	0.062519537	17.3704	1476	20379.89604	7.23	14.80910182	17970	26.325	0.888	0.567682743	1.005324841	1.116695046	10594438
Escherichia_coli	Czech_Republic	Central	CZ	2018	0.094702169	0.000570776	0.242715778	0.152156001	0.062671798	17.3704	1476	23046.94913	7.23	14.80910182	20230	26.208	0.891	0.503815472	0.922208071	1.048950672	10629928
Escherichia_coli	Denmark	Northern	DK	2008	0.040878585	0.000515198	0.101722995	0.040578546	0.013860579	15.0695	6138	64322.0635	9.51	14.11779821	60390	13.513	0.909	2.393063545	2.251271963	1.966503382	5493621
Escherichia_coli	Denmark	Northern	DK	2009	0.044192635	0	0.131826189	0.061737523	0.014426727	15.0173	6222	58163.27688	10.67	13.68460506	60090	13.346	0.906	2.446495295	2.232205391	1.924757004	5523095
Escherichia_coli	Denmark	Northern	DK	2010	0.058323564	0	0.137397347	0.075996678	0.02372035	15.8742	6012	58041.39844	10.33	14.38572407	61220	13.205	0.91	2.358993053	2.096789598	1.897532105	5547683
Escherichia_coli	Denmark	Northern	DK	2011	0.064046179	0	0.140664248	0.084913112	0.030051404	16.689	6281	61753.64713	10.15	14.55079019	61990	13.043	0.922	2.404429197	2.101078987	1.922707915	5570572
Escherichia_coli	Denmark	Northern	DK	2012	0.072959045	0	0.141218455	0.07860262	0.026258206	15.7027	6004	58507.50805	10.24	14.15904015	61650	12.858	0.924	2.381078959	1.984567404	1.873899817	5591572
Escherichia_coli	Denmark	Northern	DK	2013	0.065088757	0.000353107	0.124400707	0.080783354	0.022297013	15.6578	6237	61191.1937	10.17	13.81007284	63200	12.708	0.926	2.404900789	1.992455125	1.900482297	5614932
Escherichia_coli	Denmark	Northern	DK	2014	0.07277988	0.000253421	0.12252172	0.070068027	0.018610985	15.1744	6381	62548.98473	10.17	13.77456188	63670	12.59	0.928	2.247260332	1.819007277	2.096355438	5643475
Escherichia_coli	Denmark	Northern	DK	2015	0.06795905	0.000247158	0.119037199	0.074764306	0.025160009	15.3071	5469	53254.856	10.23	13.67477924	60510	12.474	0.926	2.211076021	1.847928524	2.042371035	5683483
Escherichia_coli	Denmark	Northern	DK	2016	0.060668593	0	0.110420551	0.06567933	0.017672414	15.1637	5566	54663.99837	10.18	13.71238232	58040	12.358	0.928	2.23059082	1.876053929	1.912385345	5728010
Escherichia_coli	Denmark	Northern	DK	2017	0.059937524	0.000195427	0.127854773	0.06901495	0.018431292	14.3332	5800	57141.05984	10.11	13.73846531	56210	12.243	0.929	2.193403959	1.79694283	1.863845944	5764980
Escherichia_coli	Denmark	Northern	DK	2018	0.057481921	0	0.132565912	0.076557004	0.020294057	13.688	5800	61390.69301	10.11	13.73846531	60920	12.126	0.93	2.148100376	1.871631145	1.832332611	5793636
Escherichia_coli	Estonia	Northern	EE	2008	0.045801527	0.008849558	0.067460317	0.045801527	0.004132231	10.4557	1039	18227.12008	5.75	20.72413415	15200	31.649	0.841	0.990575671	1.161840796	1.19912076	1337090
Escherichia_coli	Estonia	Northern	EE	2009	0.034482759	0	0.082781457	0.021943574	0.006644518	9.7171	963	14794.97079	6.54	20.33495456	14620	31.777	0.838	1.007584095	1.009114146	1.131253362	1334515
Escherichia_coli	Estonia	Northern	EE	2010	0.049056604	0	0.08365019	0.055016181	0.015936255	9.811	926.5	14790.82122	6.33	21.91824913	14700	31.906	0.844	0.995167315	1.085700631	1.159708977	1331475
Escherichia_coli	Estonia	Northern	EE	2011	0.048387097	0	0.099358974	0.122222222	0.011363636	10.746	1015	17621.54744	5.82	21.55589908	16000	32.035	0.853	1.052501321	1.076736927	1.183797717	1327439
Escherichia_coli	Estonia	Northern	EE	2012	0.075657895	0	0.141447368	0.078688525	0.016611296	10.3479	1013	17534.42154	5.83	21.51741236	16900	32.026	0.859	1.096038103	0.954537988	1.157106638	1322696
Escherichia_coli	Estonia	Northern	EE	2013	0.073313783	0	0.118343195	0.073529412	0.032835821	10.3255	1144	19174.10073	6.01	22.60502726	18250	31.878	0.863	1.188760996	0.974775255	1.198479652	1317997
Escherichia_coli	Estonia	Northern	EE	2014	0.068126521	0	0.122850123	0.092682927	0.034653465	10.2215	1237	20367.10266	6.12	22.62244374	18990	31.731	0.865	1.303455591	1.016679525	1.372891307	1314545
Escherichia_coli	Estonia	Northern	EE	2015	0.093385214	0	0.15234375	0.113821138	0.051502146	10.5025	1112	17522.23019	6.39	22.78413773	18680	31.584	0.871	1.293648124	1.067977548	1.331910014	1315407
Escherichia_coli	Estonia	Northern	EE	2016	0.074074074	0	0.138769671	0.089871612	0.040114613	10.3826	1185	18237.29584	6.5	22.72888422	18280	31.437	0.875	1.272345304	1.090856671	1.226358056	1315790
Escherichia_coli	Estonia	Northern	EE	2017	0.057251908	0	0.174135723	0.087563452	0.037179487	9.9409	1300	20388.20955	6.43	23.66462499	18750	31.283	0.879	1.242426515	1.109356642	1.281881213	1317384
Escherichia_coli	Estonia	Northern	EE	2018	0.062426384	0	0.176115802	0.097647059	0.030193237	10.2474	1300	23258.46758	6.43	23.66462499	21350	31.12	0.882	1.506536484	1.191937923	1.239835262	1321977
Escherichia_coli	Finland	Northern	FI	2008	0.035992218	0.000482625	0.08724514	0.021082894	0.015732547	16.4782	4315	53554.03892	8.09	19.5440501	50070	16.701	0.904	2.337259531	2.050841331	1.922676086	5313399
Escherichia_coli	Finland	Northern	FI	2009	0.028037383	0	0.091767881	0.028033088	0.014616935	16.5638	4180	47293.99283	8.88	19.38837022	48800	16.571	0.899	2.251192331	2.229058743	1.970258117	5338871
Escherichia_coli	Finland	Northern	FI	2010	0.037775891	0	0.092156863	0.037465126	0.019006479	17.0141	4100	46459.97325	8.88	19.96495873	49600	16.23	0.903	2.159788132	2.2293396	1.968725324	5363352
Escherichia_coli	Finland	Northern	FI	2011	0.051986755	0	0.109602649	0.05	0.024834437	18.5545	4549	51081.99767	8.96	19.33733374	50150	15.687	0.907	2.198592424	2.241137981	1.949498773	5388272
Escherichia_coli	Finland	Northern	FI	2012	0.060808553	0	0.117330803	0.061986085	0.031406615	17.983	4411	47710.79022	9.3	18.69531572	48940	15.159	0.908	2.235261202	2.220477581	1.951503277	5413971
Escherichia_coli	Finland	Northern	FI	2013	0.064869419	0	0.132393588	0.070698925	0.031819497	16.9272	4307	49878.04324	8.67	19.33733374	49480	14.875	0.916	2.202126265	2.174288273	1.936688185	5438972
Escherichia_coli	Finland	Northern	FI	2014	0.045585538	0	0.110358666	0.05437765	0.022181146	16.5944	4740	50260.29986	9.49	18.92360151	49390	14.825	0.918	2.165774584	1.998275638	2.100273371	5461512
Escherichia_coli	Finland	Northern	FI	2015	0.054171705	0	0.111716621	0.060571165	0.026078479	15.7626	4122	42784.69836	9.7	19.77814883	47150	14.775	0.919	2.275324106	1.81301105	2.063105345	5479531
Escherichia_coli	Finland	Northern	FI	2016	0.049347201	0.000206954	0.114600666	0.068747364	0.023820125	15.0338	4095	43784.28396	9.43	20.49999535	45490	14.725	0.922	2.239527702	1.828907728	2.015213728	5495303
Escherichia_coli	Finland	Northern	FI	2017	0.049578483	0	0.120075401	0.068542983	0.024341179	13.5916	4206	46316.74546	9.21	20.22742331	44740	14.675	0.924	2.215836048	1.936856508	2.027072906	5508214
Escherichia_coli	Finland	Northern	FI	2018	0.042575286	0.000197746	0.114416022	0.075896414	0.020425177	13.1898	4206	50021.29106	9.21	20.22742331	48300	14.618	0.925	2.212743521	1.984208465	2.045141697	5515525
Escherichia_coli	France	Western	FR	2008	0.064923117	0.000141824	0.156980628	0.038172716	0.01777362	23.3297	4794	45334.11444	10.51	9.99231413	43460	22.132	0.869	1.407428026	1.582908034	1.507124543	64374984
Escherichia_coli	France	Western	FR	2009	0.078243371	0.000258699	0.185562074	0.067226891	0.029700599	24.4043	4724	41575.41875	11.3	10.14965624	43930	21.883	0.869	1.438242078	1.480974436	1.452676177	64707040
Escherichia_coli	France	Western	FR	2010	0.070700355	0	0.175419118	0.07248947	0.028225358	23.2071	4593	40638.334	11.24	10.22069007	43850	21.631	0.872	1.466379523	1.430300951	1.519731045	65027507
Escherichia_coli	France	Western	FR	2011	0.077671013	0.000235211	0.179204049	0.081731336	0.025747508	23.352	4933	43790.73205	11.2	10.22155136	44350	21.378	0.876	1.532393575	1.35914433	1.446996093	65342780
Escherichia_coli	France	Western	FR	2012	0.081231519	0	0.178458289	0.09955035	0.033421751	24.0061	4652	40874.70351	11.32	10.10120213	43380	21.122	0.878	1.455788136	1.340279341	1.454164147	65659809
Escherichia_coli	France	Western	FR	2013	0.077688066	0.001147626	0.167345317	0.095233406	0.032379817	24.1306	4900	42592.93409	11.44	9.928711504	43780	20.865	0.882	1.329576135	1.48182869	1.426772714	65998687
Escherichia_coli	France	Western	FR	2014	0.077265255	0.000103167	0.176482003	0.099429897	0.034760656	23.1241	4988	43011.2631	11.57	9.845147282	43320	20.606	0.887	1.314697027	1.403170347	1.474639177	66312067
Escherichia_coli	France	Western	FR	2015	0.081501583	0.000286232	0.177486816	0.109763822	0.038769567	23.792	4204	36638.18493	11.46	9.70665291	41100	20.345	0.888	1.305665612	1.436796069	1.413305163	66548272
Escherichia_coli	France	Western	FR	2016	0.079119892	9.15E-05	0.166562972	0.112260232	0.038260242	23.8742	4257	37037.37419	11.48	9.551420808	39070	20.083	0.887	1.400143027	1.405252218	1.413081884	66724104
Escherichia_coli	France	Western	FR	2017	0.070441884	0.000155727	0.150210084	0.102231875	0.030372757	22.9691	4380	38812.16103	11.31	9.384219348	38340	19.82	0.89	1.25949657	1.352089524	1.438317537	66864379
Escherichia_coli	France	Western	FR	2018	0.073923309	0.00048391	0.163224303	0.095925163	0.035186256	23.5587	4380	41631.09074	11.31	9.384219348	41080	19.556	0.891	1.317085624	1.480525851	1.439210296	66965912
Escherichia_coli	Germany	Central	DE	2008	0.06873065	0	0.234161491	0.048357099	0.029228856	13.4535	4636	45427.15168	10.16	14.1092062	43570	23.425	0.916	1.759812832	1.522835732	1.745705962	82110097
Escherichia_coli	Germany	Central	DE	2009	0.084078712	0	0.234027279	0.081551287	0.032058288	13.7802	4643	41485.90165	11.14	13.91829103	43520	23.229	0.916	1.755257964	1.578987122	1.655951381	81902307
Escherichia_coli	Germany	Central	DE	2010	0.08672625	0.00034118	0.247596951	0.08358209	0.035892323	13.3884	4597	41531.9342	11.01	14.04069811	44550	23.034	0.92	1.776269913	1.571171761	1.631237388	81776930
Escherichia_coli	Germany	Central	DE	2011	0.075994513	0.000278319	0.237348735	0.079626579	0.035527403	13.085	5022	46644.77603	10.72	14.05884922	47220	22.84	0.925	1.743272901	1.554961085	1.616170526	80274983
Escherichia_coli	Germany	Central	DE	2012	0.070644391	0.000239006	0.211079274	0.088389871	0.031825796	13.6955	4755	43858.36306	10.78	14.11986351	46530	22.83	0.927	1.829577088	1.593369126	1.664947629	80425823
Escherichia_coli	Germany	Central	DE	2013	0.069889451	0.000937559	0.220732628	0.107403936	0.026694434	14.4872	5094	46285.76407	10.93	13.27638924	47190	22.82	0.927	1.813810706	1.542519927	1.649499655	80645605
Escherichia_coli	Germany	Central	DE	2014	0.069026265	0.000640307	0.205906215	0.105347422	0.030204612	13.3729	5291	47959.99327	10.96	12.86283284	47620	22.81	0.93	1.838379741	1.731391549	1.856834173	80982500
Escherichia_coli	Germany	Central	DE	2015	0.07110422	0.000332152	0.193813061	0.102978629	0.029845778	13.1123	4617	41139.54457	11.09	12.98534572	45850	22.8	0.933	1.837888479	1.736830235	1.794997096	81686611
Escherichia_coli	Germany	Central	DE	2016	0.069552958	5.82E-05	0.194463829	0.110994764	0.033797684	12.8394	4734	42098.92045	11.13	12.88281828	44290	22.776	0.936	1.843417764	1.734568119	1.622016311	82348669
Escherichia_coli	Germany	Central	DE	2017	0.070024023	0.000130776	0.20749782	0.122813904	0.037437678	12.3406	5033	44349.58966	11.25	12.67291903	43680	22.739	0.938	1.841110229	1.71929121	1.608338714	82657002
Escherichia_coli	Germany	Central	DE	2018	0.068873987	0.000186185	0.198231324	0.121810661	0.033952774	11.8748	5033	47639.00344	11.25	12.67291903	47150	22.688	0.939	1.946861625	1.61963284	1.629486918	82905782
Escherichia_coli	Greece	Southern	EL	2008	0.146106134	0.003467406	0.22406639	0.099315068	0.060857538	40.3944	2848	31997.28201	8.89	31.99404776	28660	24.432	0.857	0.13356024	0.58529228	0.862212479	11077841
Escherichia_coli	Greece	Southern	EL	2009	0.143327842	0.00718232	0.234219269	0.10137741	0.064301552	34.5956	2816	29710.9703	9.47	29.30950224	29330	24.068	0.859	0.067469649	0.61948657	0.652814925	11107017
Escherichia_coli	Greece	Southern	EL	2010	0.165898618	0.003949967	0.244063325	0.142003981	0.094694426	35.558	2574	26917.75898	9.56	28.12847197	27660	23.708	0.857	-0.057776872	0.556039333	0.630501211	11121341
Escherichia_coli	Greece	Southern	EL	2011	0.167364017	0.008873114	0.265875785	0.14912892	0.108315863	31.6285	2354	25916.29353	9.1	30.91951609	24930	23.351	0.853	-0.098818809	0.512197733	0.572887123	11104899
Escherichia_coli	Greece	Southern	EL	2012	0.177842566	0.014326648	0.290816327	0.16223977	0.106725146	28.1955	1968	22242.68193	8.88	30.13835847	23500	22.996	0.856	-0.189221814	0.319800168	0.426507235	11045011
Escherichia_coli	Greece	Southern	EL	2013	0.169491525	0.013535032	0.308870968	0.172111554	0.102917342	27.99	1834	21874.8195	8.41	33.68635774	22540	22.645	0.858	-0.04531141	0.459202468	0.465021938	10965211
Escherichia_coli	Greece	Southern	EL	2014	0.155855856	0.011586453	0.32760181	0.210338681	0.10707804	29.1725	1725	21760.9798	7.95	36.63310707	22180	22.298	0.866	-0.122388072	0.398586392	0.36259988	10892413
Escherichia_coli	Greece	Southern	EL	2015	0.160833333	0.011522634	0.305625525	0.198353909	0.106992418	31.2566	1465	18167.77372	8.09	36.42956913	20320	21.954	0.868	-0.076613776	0.256060988	0.267145306	10820883
Escherichia_coli	Greece	Southern	EL	2016	0.168332052	0.009209517	0.321319018	0.176380368	0.103846154	30.9553	1499	18116.45962	8.28	34.60354507	18890	21.613	0.866	-0.092085712	0.226677805	0.107345834	10775971
Escherichia_coli	Greece	Southern	EL	2017	0.169734151	0.015678255	0.329234973	0.182993197	0.098427888	32.1485	1517	18930.21859	8.04	34.75020826	18360	21.276	0.871	-0.138348609	0.313373446	0.083919302	10754679
Escherichia_coli	Greece	Southern	EL	2018	0.154929577	0.010365854	0.307786634	0.193292683	0.097665848	32.387	1517	20324.30501	8.04	34.75020826	19620	20.942	0.872	-0.066019207	0.338260889	0.152649522	10732882
Escherichia_coli	Hungary	Central	HU	2008	0.128326996	0.001015228	0.261244019	0.091769158	0.065321806	13.4216	1117	15753.47328	7.1	26.95135176	13230	32.057	0.818	0.471792012	0.707318962	0.92606169	10038188
Escherichia_coli	Hungary	Central	HU	2009	0.158745247	0	0.304971319	0.129277567	0.098265896	13.8559	943.7	13046.48101	7.25	26.26888156	13380	31.54	0.823	0.433832288	0.67319572	0.796490192	10022650
Escherichia_coli	Hungary	Central	HU	2010	0.198694706	0.001525553	0.365764448	0.1945047	0.154919236	13.6198	983.1	13113.52596	7.52	27.44554877	13190	31.089	0.826	0.365650147	0.666669607	0.780267775	10000023
Escherichia_coli	Hungary	Central	HU	2011	0.145543745	0.00086881	0.311624073	0.151143791	0.081953642	13.7978	1063	14150.96673	7.54	28.24357152	13170	30.642	0.823	0.399596125	0.674927473	0.764692008	9971727
Escherichia_coli	Hungary	Central	HU	2012	0.170940171	0	0.289303661	0.174344437	0.105643994	12.996	961.1	12918.24752	7.47	29.39691842	12990	30.322	0.826	0.356334448	0.628841758	0.615284204	9920362
Escherichia_coli	Hungary	Central	HU	2013	0.169586545	0.001476015	0.303072626	0.188587335	0.110014104	13.3688	990.6	13687.2461	7.26	28.38487625	13480	30.047	0.835	0.321602583	0.654968202	0.582692802	9893082
Escherichia_coli	Hungary	Central	HU	2014	0.147204969	0	0.284386617	0.16429895	0.081926204	14.0211	1006	14246.1098	7.09	28.36090922	13540	29.773	0.833	0.164560184	0.533443689	0.501931071	9866468
Escherichia_coli	Hungary	Central	HU	2015	0.135643564	0	0.289955468	0.167324778	0.066501241	14.697	870.5	12651.56834	6.97	27.48836577	13220	29.5	0.835	0.148635432	0.497252017	0.399935961	9843028
Escherichia_coli	Hungary	Central	HU	2016	0.13253012	0	0.267875126	0.167084797	0.06360424	13.3326	914.6	12992.37567	7.13	27.71828771	13050	29.221	0.838	0.097243495	0.464301646	0.423058361	9814023
Escherichia_coli	Hungary	Central	HU	2017	0.150970874	0.000503271	0.306192101	0.201166181	0.082071324	13.4288	981.4	14457.60876	6.88	26.89432502	13080	28.938	0.841	0.089291483	0.522134185	0.529676974	9787966
Escherichia_coli	Hungary	Central	HU	2018	0.174028269	0	0.33248731	0.226160338	0.114463177	13.6897	981.4	16150.77276	6.88	26.89432502	14760	28.649	0.845	0.053369705	0.487310886	0.554894567	9775564
Escherichia_coli	Iceland	Northern	IS	2008	0.06504065	0	0.060869565	0.008130081	0.008695652	18.4473	4946	56409.7731	8.59	15.96008539	50100	6.605	0.892	2.343693018	1.83180964	1.865285873	317414
Escherichia_coli	Iceland	Northern	IS	2009	0.072727273	0	0.070707071	0.018181818	0	17.1614	3693	41333.41853	8.87	16.6221723	41850	6.489	0.891	2.04151988	1.635218859	1.714270711	318499
Escherichia_coli	Iceland	Northern	IS	2010	0.028846154	0	0.105263158	0.038461538	0.010526316	19.8185	3645	43024.92349	8.53	18.18674654	36250	6.426	0.892	1.942624211	1.585731506	1.713806868	318041
Escherichia_coli	Iceland	Northern	IS	2011	0.062015504	0	0.140495868	0.061538462	0.008333333	19.8122	3867	47516.87469	8.25	18.47118735	37590	6.413	0.901	1.939585567	1.583260417	1.697877765	319014
Escherichia_coli	Iceland	Northern	IS	2012	0.036231884	0	0.097014925	0.050724638	0.014925373	19.6668	3707	45910.02055	8.2	18.57059449	40680	6.4	0.908	1.886239171	1.491027832	1.685005426	320716
Escherichia_coli	Iceland	Northern	IS	2013	0.041322314	0	0.146551724	0.049586777	0.00862069	19.4375	4031	49522.23659	8.22	18.25796515	46960	6.367	0.92	1.912273526	1.490048647	1.662147522	323764
Escherichia_coli	Iceland	Northern	IS	2014	0.052631579	0	0.078014184	0.032894737	0.014184397	17.1125	4476	54241.93466	8.28	17.98097789	48230	6.333	0.924	1.827839136	1.491399884	1.708532214	327386
Escherichia_coli	Iceland	Northern	IS	2015	0.028901734	0	0.067901235	0.01734104	0	17.5867	4282	52564.42919	8.15	17.63640493	50160	6.3	0.927	1.939109683	1.492079139	1.66732955	330815
Escherichia_coli	Iceland	Northern	IS	2016	0.036458333	0	0.095505618	0.041666667	0.011235955	18.1668	5064	61466.80397	8.13	16.86918437	55150	6.265	0.932	1.949493647	1.385732055	1.51954484	335439
Escherichia_coli	Iceland	Northern	IS	2017	0.056338028	0	0.115577889	0.061032864	0.015075377	18.844	6086	71310.93925	8.33	16.48037881	60530	6.227	0.935	1.838142157	1.450543642	1.606575847	343400
Escherichia_coli	Iceland	Northern	IS	2018	0.060913706	0	0.171875	0.080808081	0.020942408	20.4498	6086	72968.70423	8.33	16.48037881	67890	6.187	0.938	1.843912721	1.465654731	1.718736887	352721
Escherichia_coli	Ireland	Northern	IE	2008	0.091055169	0	0.226293103	0.059171598	0.020697168	19.309	5616	61262.10056	9.1	11.86308861	50920	38.859	0.9	1.749867439	1.500238299	1.715703964	4489544
Escherichia_coli	Ireland	Northern	IE	2009	0.085116974	0	0.216957606	0.064954683	0.023279352	17.7884	5481	52105.15248	10.49	12.70052791	46810	38.658	0.896	1.759451747	1.336170197	1.750501871	4535375
Escherichia_coli	Ireland	Northern	IE	2010	0.096880907	0	0.228625413	0.076923077	0.028436019	17.3857	5128	48715.17686	10.5	13.79563659	44880	38.458	0.89	1.688269019	1.349588037	1.768064141	4560155
Escherichia_coli	Ireland	Northern	IE	2011	0.101160093	0	0.229447283	0.08956602	0.035431235	19.209	5563	51848.90973	10.69	13.9069587	41900	38.258	0.894	1.562962532	1.455905318	1.755929351	4580084
Escherichia_coli	Ireland	Northern	IE	2012	0.106947368	0	0.242857143	0.091783217	0.036371604	19.4568	5240	48917.89756	10.68	13.88725638	40590	38.058	0.899	1.463657618	1.547128439	1.734316707	4599533
Escherichia_coli	Ireland	Northern	IE	2013	0.111648529	0.000403877	0.241727199	0.106451613	0.046830844	20.0484	5330	51590.18845	10.29	14.27645087	43480	37.859	0.908	1.538591504	1.485335708	1.731722951	4623816
Escherichia_coli	Ireland	Northern	IE	2014	0.120887246	0.000370782	0.245283019	0.10739502	0.046857568	19.5123	5392	55492.98268	9.65	14.03183043	46320	37.66	0.92	1.604880452	1.597104549	1.779152513	4657740
Escherichia_coli	Ireland	Northern	IE	2015	0.118291761	0.000382409	0.230710756	0.113722517	0.054177795	21.2936	4565	61995.42278	7.34	13.24400157	50350	37.462	0.926	1.615371466	1.533082247	1.774898171	4701957
Escherichia_coli	Ireland	Northern	IE	2016	0.112337011	0.00033456	0.22909699	0.113902848	0.053284182	20.3775	4721	63197.08237	7.38	12.77513355	52490	37.263	0.936	1.58335638	1.331620812	1.517243624	4755335
Escherichia_coli	Ireland	Northern	IE	2017	0.119436439	0.000320924	0.235973068	0.119833387	0.057124519	19.35	4977	69822.34718	7.18	12.28111684	53480	37.053	0.939	1.548582196	1.290976882	1.427983165	4807388
Escherichia_coli	Ireland	Northern	IE	2018	0.117356393	0	0.239036442	0.128822984	0.061205564	20.8627	4977	78621.22796	7.18	12.28111684	59640	36.83	0.942	1.547599554	1.420338392	1.463336468	4867316
Escherichia_coli	Italy	Southern	IT	2008	0.13660619	0	0.375964719	0.159061278	0.06824147	23.5944	3490	40778.34274	8.56	21.33932561	37910	31.908	0.868	0.270140916	0.279626578	0.455116183	58826731
Escherichia_coli	Italy	Southern	IT	2009	0.140789474	0	0.361529548	0.170305677	0.063356164	23.7273	3324	37079.75867	8.98	20.66364437	37870	31.791	0.868	0.199060738	0.421652019	0.404739648	59095365
Escherichia_coli	Italy	Southern	IT	2010	0.162417763	0.001156961	0.392036125	0.210417528	0.10192953	23.0233	3215	36000.52012	8.95	20.54892778	37850	31.673	0.871	0.126922861	0.44190973	0.430328697	59277417
Escherichia_coli	Italy	Southern	IT	2011	0.207459207	0.001618123	0.405476567	0.198395722	0.114046392	23.0974	3388	38599.06221	8.83	22.02690393	37900	31.556	0.875	0.181863904	0.377540648	0.466513753	59379449
Escherichia_coli	Italy	Southern	IT	2012	0.223251029	0.00264813	0.420547945	0.262929596	0.143232096	22.5146	3126	35053.52624	8.96	21.67975903	36200	31.316	0.874	0.066174991	0.42067042	0.403319508	59539717
Escherichia_coli	Italy	Southern	IT	2013	0.189637033	0.006267235	0.42209776	0.261904762	0.124597207	23.3234	3196	35549.9747	8.95	21.76292092	35550	31.021	0.873	0.05163566	0.458483517	0.402901322	60233948
Escherichia_coli	Italy	Southern	IT	2014	0.193529917	0.002164502	0.439265149	0.286681104	0.136522754	22.6266	3190	35518.41529	9.01	22.13684618	34890	30.728	0.874	-0.029641563	0.374144018	0.37739116	60789140
Escherichia_coli	Italy	Southern	IT	2015	0.201738166	0.001967096	0.443828265	0.300786838	0.145852663	22.3836	2709	30230.2263	8.99	23.13825786	32980	30.435	0.875	0.016264148	0.447952747	0.275050968	60730582
Escherichia_coli	Italy	Southern	IT	2016	0.189833854	0.002620373	0.432605042	0.297743348	0.129099427	21.8364	2736	30939.71425	8.88	22.92509377	31950	30.145	0.878	0.084406801	0.534770429	0.329159915	60627498
Escherichia_coli	Italy	Southern	IT	2017	0.184188394	0.002884615	0.449388049	0.294898968	0.136814379	19.0155	2840	32406.72032	8.84	23.48580658	31360	29.856	0.881	0.188600972	0.502127409	0.324624747	60536709
Escherichia_coli	Italy	Southern	IT	2018	0.160430162	0.003688843	0.416630306	0.286962407	0.114005889	19.4968	2840	34520.08516	8.84	23.48580658	33770	29.562	0.883	0.235666126	0.413883507	0.246396452	60421760
Escherichia_coli	Latvia	Northern	LV	2008	0.1	0	0.144444444	0.111111111	0.088888889	9.6946	913.5	16376.99836	5.63	37.30623424	13440	32.166	0.821	0.254886359	0.558495283	0.809207201	2177322
Escherichia_coli	Latvia	Northern	LV	2009	0.11627907	0.023529412	0.235294118	0.11627907	0.058823529	9.3298	744.7	12257.21657	6.15	38.78267705	14040	32.186	0.819	0.226274058	0.623809874	0.814353228	2141669
Escherichia_coli	Latvia	Northern	LV	2010	0.113402062	0	0.144329897	0.12244898	0.06185567	9.9464	689.1	11348.40623	6.15	37.18564808	12580	32.159	0.817	0.228307128	0.708809972	0.787803769	2097555
Escherichia_coli	Latvia	Northern	LV	2011	0.106870229	0	0.167938931	0.159090909	0.084615385	10.7763	764.6	13832.39118	5.57	34.296754	13150	32.131	0.822	0.286647677	0.698138297	0.747023225	2059709
Escherichia_coli	Latvia	Northern	LV	2012	0.116883117	0	0.144736842	0.12987013	0.065789474	10.9601	745.5	13850.64282	5.42	37.82342374	13850	32.103	0.825	0.245458975	0.838448524	0.785476744	2034319
Escherichia_coli	Latvia	Northern	LV	2013	0.052238806	0	0.186567164	0.139705882	0.037878788	11.3423	807.1	15041.17446	5.4	38.47148418	14930	32.075	0.834	0.328415573	0.889026761	0.767849863	2012647
Escherichia_coli	Latvia	Northern	LV	2014	0.082872928	0	0.17679558	0.109090909	0.024539877	10.624	855.6	15740.32675	5.47	39.10600841	15300	32.048	0.836	0.415365428	0.958550274	0.872382939	1993782
Escherichia_coli	Latvia	Northern	LV	2015	0.141361257	0	0.278350515	0.179104478	0.104712042	11.1386	775.6	13698.93795	5.71	40.53730965	15010	32.02	0.842	0.468176097	1.08944416	0.794590116	1977527
Escherichia_coli	Latvia	Northern	LV	2016	0.12704918	0	0.27755102	0.241106719	0.103305785	11.0567	874.2	14153.41492	6.21	43.44228208	14600	31.979	0.845	0.431138307	1.005264163	0.958982587	1959537
Escherichia_coli	Latvia	Northern	LV	2017	0.095238095	0	0.44	0.36	0.047619048	12.0534	930.4	15586.58189	5.96	41.98757708	14720	31.925	0.849	0.53583014	0.903794527	0.931378543	1942248
Escherichia_coli	Latvia	Northern	LV	2018	0.08908046	0	0.24127907	0.204022989	0.069767442	11.4286	930.4	17805.28031	5.96	41.98757708	16520	31.858	0.854	0.328646898	1.043451786	0.956315875	1927174
Escherichia_coli	Lithuania	Northern	LT	2008	0.122516556	0	0.138157895	0.055921053	0.029801325	20.996	936.5	14961.56818	6.29	28.17394733	12660	33.152	0.831	0.139662281	0.616990626	0.72248292	3198231
Escherichia_coli	Lithuania	Northern	LT	2009	0.151515152	0	0.145762712	0.078498294	0.037800687	16.1981	864.7	11837.39103	7.36	26.81708038	12430	33.158	0.821	0.231553197	0.693558395	0.728031814	3162916
Escherichia_coli	Lithuania	Northern	LT	2010	0.141993958	0	0.135135135	0.087087087	0.054380665	14.411	805.2	11957.08421	6.82	27.59107947	12560	33.243	0.824	0.376731932	0.743253648	0.782363355	3097282
Escherichia_coli	Lithuania	Northern	LT	2011	0.096858639	0	0.128608924	0.07012987	0.023809524	15.4814	925.5	14354.18838	6.5	28.22128236	13290	33.259	0.831	0.327106059	0.703799188	0.774957716	3028115
Escherichia_coli	Lithuania	Northern	LT	2012	0.095652174	0	0.146929825	0.047619048	0.013215859	13.2688	896.9	14339.28787	6.29	31.8008393	14070	33.136	0.835	0.393993855	0.833409011	0.85041523	2987773
Escherichia_coli	Lithuania	Northern	LT	2013	0.107226107	0	0.159353349	0.076036866	0.018691589	15.1148	958.9	15702.14306	6.14	32.82087147	15310	33.014	0.84	0.426032931	0.831737101	0.836003721	2957689
Escherichia_coli	Lithuania	Northern	LT	2014	0.106164384	0	0.128378378	0.080808081	0.025773196	13.126	1021	16548.40641	6.2	31.49276078	16040	32.892	0.852	0.558858037	0.982653379	0.939177334	2932367
Escherichia_coli	Lithuania	Northern	LT	2015	0.101200686	0	0.205831904	0.160068847	0.04302926	13.636	920.2	14249.11497	6.48	31.83712065	15170	32.77	0.855	0.617654681	1.184934258	1.008047462	2904910
Escherichia_coli	Lithuania	Northern	LT	2016	0.079646018	0	0.197468354	0.147169811	0.025542784	13.5114	988.5	14999.47964	6.64	32.31704831	14870	32.634	0.86	0.713836074	1.070065498	1.029358149	2868231
Escherichia_coli	Lithuania	Northern	LT	2017	0.08254717	0	0.252061249	0.167840376	0.043786982	13.5566	1078	16882.63947	6.46	32.2738111	15260	32.484	0.866	0.553735316	0.965336978	0.99265039	2828403
Escherichia_coli	Lithuania	Northern	LT	2018	0.078875793	0	0.196557971	0.153291253	0.045537341	15.4257	1078	19080.61737	6.46	32.2738111	17380	32.321	0.869	0.4979783	1.072397828	0.956690431	2801543
Escherichia_coli	Luxembourg	Western	LU	2008	0.075907591	0	0.221122112	0.062913907	0.036423841	22.9926	7548	114293.8433	6.54	10.06149203	88000	12.2	0.89	1.971971512	1.625626564	1.801214099	488650
Escherichia_coli	Luxembourg	Western	LU	2009	0.089700997	0	0.255813953	0.083056478	0.043189369	23.7525	7640	103198.6693	7.34	9.895283729	71220	11.822	0.885	1.973333359	1.747320056	1.827186227	497783
Escherichia_coli	Luxembourg	Western	LU	2010	0.064971751	0	0.262711864	0.093220339	0.016949153	23.1935	7452	104965.3061	7.03	10.23235396	78220	11.453	0.893	2.046461344	1.721773505	1.85144341	506953
Escherichia_coli	Luxembourg	Western	LU	2011	0.079096045	0	0.240793201	0.082152975	0.028328612	23.3347	7165	115761.5077	6.11	10.87945402	76260	11.094	0.892	2.159843683	1.748484015	1.833190441	518347
Escherichia_coli	Luxembourg	Western	LU	2012	0.062874251	0	0.239520958	0.113772455	0.026946108	23.1448	7097	106749.0136	6.57	10.4518801	75450	10.751	0.892	2.122711658	1.672071934	1.7989043	530946
Escherichia_coli	Luxembourg	Western	LU	2013	0.070234114	0	0.277966102	0.106312292	0.021201413	23.1353	6522	113625.1329	5.67	11.06899157	75500	10.426	0.892	2.123356342	1.629902482	1.816298723	543360
Escherichia_coli	Luxembourg	Western	LU	2014	0.079019074	0.002717391	0.247282609	0.119565217	0.038147139	21.5989	6681	118823.6484	5.56	11.05491295	76470	10.116	0.895	2.073182344	1.65443325	1.906487703	556319
Escherichia_coli	Luxembourg	Western	LU	2015	0.089337176	0	0.242074928	0.126801153	0.051873199	21.8471	5567	101376.4966	5.48	10.61571091	72470	9.821	0.899	2.09668684	1.72407794	1.874648809	569604
Escherichia_coli	Luxembourg	Western	LU	2016	0.090909091	0	0.289473684	0.136363636	0.038277512	21.3645	5596	104278.391	5.47	10.49742699	68670	9.54	0.904	2.096853733	1.692345738	1.760356069	582014
Escherichia_coli	Luxembourg	Western	LU	2017	0.103926097	0	0.228637413	0.096997691	0.034642032	20.9298	5783	107627.151	5.48	10.6895417	66430	9.273	0.908	1.985519648	1.683146834	1.737712979	596336
Escherichia_coli	Luxembourg	Western	LU	2018	0.073286052	0	0.217703349	0.125	0.038369305	20.6867	5783	116654.2611	5.48	10.6895417	70910	9.019	0.909	2.088051796	1.778221369	1.80984962	607950
Escherichia_coli	Malta	Southern	MT	2008	0.21875	0	0.3359375	0.209677419	0.193548387	17.893	1751	21928.70067	7.96	32.99180269	19950	6.071	0.833	0.997960448	1.279612303	1.624920011	409379
Escherichia_coli	Malta	Southern	MT	2009	0.208860759	0.012658228	0.303797468	0.14556962	0.120253165	18.6035	1677	20675.58259	8.08	32.45967627	19520	5.999	0.835	0.772958219	1.173995137	1.480706453	412477
Escherichia_coli	Malta	Southern	MT	2010	0.223958333	0	0.34375	0.15625	0.135416667	18.0963	1734	21107.36443	8.21	33.02583098	20540	5.928	0.847	0.790017307	1.192727447	1.416975498	414508
Escherichia_coli	Malta	Southern	MT	2011	0.150684932	0	0.319634703	0.127853881	0.091324201	20.0757	1960	22858.58609	8.56	33.16239417	21440	5.859	0.848	0.766042888	1.195340633	1.286828995	416268
Escherichia_coli	Malta	Southern	MT	2012	0.114832536	0	0.301435407	0.129186603	0.062200957	19.4984	1899	21916.41159	8.61	32.09076226	21650	5.789	0.854	0.94321835	1.247961402	1.344981909	420028
Escherichia_coli	Malta	Southern	MT	2013	0.090909091	0	0.297520661	0.08677686	0.049586777	20.6661	2121	23837.27999	8.83	30.22222221	22710	5.721	0.861	0.983500004	1.257873297	1.333084106	425967
Escherichia_coli	Malta	Southern	MT	2014	0.097014925	0	0.287313433	0.108208955	0.067164179	20.4509	2462	26008.82772	9.37	36.38644814	24260	5.653	0.868	0.851744354	1.028361678	1.193639755	434558
Escherichia_coli	Malta	Southern	MT	2015	0.121848739	0	0.37394958	0.117647059	0.071428571	18.7583	2250	24002.52329	9.24	37.10762262	24680	5.586	0.877	0.900374472	0.850428402	1.135585546	445053
Escherichia_coli	Malta	Southern	MT	2016	0.103658537	0	0.414634146	0.146341463	0.054878049	18.3857	2328	25133.04565	9.17	35.02109647	23580	5.52	0.881	0.721244872	0.9557845	0.997758865	455356
Escherichia_coli	Malta	Southern	MT	2017	0.108280255	0	0.433121019	0.156050955	0.063694268	19.7945	2586	27239.0701	9.34	34.75378752	23570	5.454	0.883	0.739660442	1.004371881	1.143620372	467999
Escherichia_coli	Malta	Southern	MT	2018	0.09939759	0	0.418674699	0.153614458	0.045180723	18.5797	2586	30133.46617	9.34	34.75378752	26350	5.388	0.885	0.579995453	0.968795955	1.053262472	484630
Escherichia_coli	Netherlands	Western	NL	2008	0.056578947	0.000450857	0.143942781	0.046214789	0.015294647	10.0085	5361	57644.47997	9.28	9.923715144	52670	14.598	0.906	2.11823535	1.696206212	1.761363387	16445593
Escherichia_coli	Netherlands	Western	NL	2009	0.044425817	0	0.11022297	0.042652027	0.014126712	10.1139	5262	52514.02712	9.99	9.069506824	53670	13.712	0.906	2.13432312	1.739726305	1.814506173	16530388
Escherichia_coli	Netherlands	Western	NL	2010	0.071596244	0	0.135816955	0.051372896	0.018095521	10.008	5187	50950.03434	10.16	9.095671028	53900	12.866	0.911	2.143759251	1.729365945	1.819352388	16615394
Escherichia_coli	Netherlands	Western	NL	2011	0.078103837	0	0.142760334	0.057395644	0.022045455	10.1292	5555	54159.34661	10.23	9.482382983	54480	12.121	0.922	2.120604277	1.788898706	1.822073698	16693074
Escherichia_coli	Netherlands	Western	NL	2012	0.071823204	0.000212721	0.154566745	0.059549128	0.017754011	10.0884	5285	50073.00566	10.54	10.0906767	52930	11.412	0.921	2.117599487	1.813399553	1.861233473	16754962
Escherichia_coli	Netherlands	Western	NL	2013	0.06222316	0.000211595	0.141437632	0.058227848	0.018847946	9.6108	5531	52184.06185	10.58	11.53488532	52950	10.813	0.924	2.046001911	1.78395927	1.8350811	16804432
Escherichia_coli	Netherlands	Western	NL	2014	0.062914418	0	0.133147114	0.056795444	0.021478599	9.4164	5594	52830.17423	10.57	11.58756539	51980	10.31	0.925	1.990493894	1.817106485	1.980402589	16865008
Escherichia_coli	Netherlands	Western	NL	2015	0.059873559	0.000186047	0.131808886	0.057084418	0.019713595	9.4898	4675	45175.23189	10.32	11.28642857	49810	9.827	0.927	1.884297013	1.832506895	1.944192171	16939923
Escherichia_coli	Netherlands	Western	NL	2016	0.062060341	0	0.128477649	0.064092543	0.022670419	9.2481	4753	46007.85292	10.3	11.30024791	46900	9.365	0.929	1.913111448	1.833539486	1.894409895	17030314
Escherichia_coli	Netherlands	Western	NL	2017	0.056386479	0.000299312	0.141660434	0.061639737	0.018859452	8.9412	4911	48675.22234	10.1	11.08693331	47140	8.923	0.932	1.867299438	1.85179317	1.830022931	17131296
Escherichia_coli	Netherlands	Western	NL	2018	0.062437634	0.000142592	0.149251604	0.072885466	0.021401056	8.8975	4911	53048.09621	10.1	11.08693331	51310	8.51	0.934	2.009312391	1.850465655	1.815322399	17231624
Escherichia_coli	Norway	Northern	NO	2008	0.032276016	0.000647668	0.073348264	0.025569761	0.008408072	15.2127	7768	96944.09561	7.96	15.65692127	87520	21.474	0.938	1.906426668	1.842090368	1.970246673	4768212
Escherichia_coli	Norway	Northern	NO	2009	0.033134166	0	0.086885246	0.022751896	0.006568144	14.8862	7302	79977.69708	9.06	15.25448412	87910	21.185	0.938	1.994785309	1.841374755	1.881072044	4828726
Escherichia_coli	Norway	Northern	NO	2010	0.04318789	0	0.087340097	0.036923077	0.013864043	15.4061	7860	87693.79007	8.9	15.04647136	88560	20.898	0.942	2.085211277	1.878928065	1.897269487	4889252
Escherichia_coli	Norway	Northern	NO	2011	0.040890688	0.000386399	0.089820359	0.036464526	0.012394865	16.1062	8900	100600.5624	8.78	15.20982683	90420	20.545	0.943	2.149326324	1.837559104	1.873943806	4953088
Escherichia_coli	Norway	Northern	NO	2012	0.057558717	0	0.112908899	0.049022855	0.019400353	16.5331	8970	101524.1419	8.77	14.80008215	99220	20.126	0.942	2.256409407	1.909127474	1.958512545	5018573
Escherichia_coli	Norway	Northern	NO	2013	0.063981812	0.000649562	0.108907563	0.055248619	0.024907439	15.8313	9241	102913.4508	8.92	14.59419578	104330	19.714	0.946	2.294474602	1.884966731	1.980009913	5079623
Escherichia_coli	Norway	Northern	NO	2014	0.059374086	0	0.110102489	0.057877814	0.019630823	15.5436	9118	97019.18275	9.33	14.37853277	104560	19.308	0.945	2.226565599	1.828457475	2.029048204	5137232
Escherichia_coli	Norway	Northern	NO	2015	0.059981824	0.000303306	0.102183141	0.060284762	0.019102486	15.4323	7566	74355.51586	10.11	14.14276958	93110	18.909	0.948	2.242803812	1.864499331	2.011147022	5188607
Escherichia_coli	Norway	Northern	NO	2016	0.055063641	0.000553097	0.109387981	0.055570915	0.019395955	14.8937	7497	70459.1825	10.52	14.27099854	81810	18.515	0.951	2.196582556	1.86937499	2.036334038	5234519
Escherichia_coli	Norway	Northern	NO	2017	0.071811361	0.000803643	0.135620477	0.058650241	0.023866988	14.3658	7936	75496.75406	10.45	14.17728662	76210	18.129	0.953	2.236802578	1.983223081	2.020279169	5276968
Escherichia_coli	Norway	Northern	NO	2018	0.057474227	0.000257798	0.128707764	0.067543181	0.020123839	13.9812	7936	81734.46557	10.45	14.17728662	80640	17.752	0.954	2.090203762	1.887119412	1.964528322	5311916
Escherichia_coli	Poland	Central	PL	2008	0.071428571	0	0.202380952	0.023809524	0.011904762	17.414	892.6	14001.38156	6.37	24.43300337	11970	38.884	0.824	0.461351156	0.473243326	0.546503127	38125759
Escherichia_coli	Poland	Central	PL	2009	0.064864865	0	0.231040564	0.090753425	0.013779528	20.0809	759.6	11527.53442	6.59	24.51955527	12530	38.996	0.828	0.445084333	0.531756818	0.62840575	38151603
Escherichia_coli	Poland	Central	PL	2010	0.09202454	0.001422475	0.257597685	0.075268817	0.029363785	17.9982	809.2	12599.53358	6.42	23.86526614	12770	39.108	0.835	0.497079551	0.640948951	0.683574736	38042794
Escherichia_coli	Poland	Central	PL	2011	0.082585278	0.00093985	0.273444347	0.117270789	0.037426901	18.2179	866.1	13893.50926	6.23	23.96363318	12950	39.22	0.84	0.557022214	0.620748818	0.766173959	38063255
Escherichia_coli	Poland	Central	PL	2012	0.12097561	0	0.293320426	0.129218901	0.060606061	19.8787	815.1	13145.53926	6.2	24.2740646	13300	39.346	0.836	0.663234055	0.675630391	0.780411541	38063164
Escherichia_coli	Poland	Central	PL	2013	0.106768351	0	0.273429952	0.109073359	0.050102249	20.4971	878.1	13781.06261	6.38	23.80160242	13530	39.471	0.851	0.596016347	0.722514808	0.819490671	38040196
Escherichia_coli	Poland	Central	PL	2014	0.098314607	0.002042901	0.292336802	0.105069124	0.055555556	19.8834	911.3	14347.91458	6.35	23.01104367	13680	39.597	0.853	0.635148048	0.827383578	0.840595961	38011735
Escherichia_coli	Poland	Central	PL	2015	0.111954459	0.001334223	0.27880331	0.119254658	0.060704961	22.8069	804	12572.4266	6.4	23.31281453	13350	39.722	0.858	0.669521451	0.798782945	0.802058518	37986412
Escherichia_coli	Poland	Central	PL	2016	0.132883776	0.000391696	0.330678802	0.137182788	0.08502696	20.7318	813.5	12431.81589	6.54	23.08046073	12680	39.822	0.864	0.739105165	0.706566393	0.636217952	37970087
Escherichia_coli	Poland	Central	PL	2017	0.140125046	0.00036483	0.358624454	0.166782973	0.081632653	23.7883	906.8	13861.30936	6.54	23.04979265	12740	39.895	0.868	0.724992394	0.643040895	0.472560197	37974826
Escherichia_coli	Poland	Central	PL	2018	0.151082074	0.0012	0.34670822	0.175954198	0.105196982	23.0221	906.8	15460.64428	6.54	23.04979265	14150	39.942	0.872	0.641523778	0.662650824	0.427449137	37974750
Escherichia_coli	Portugal	Southern	PT	2008	0.13546798	0	0.285986049	0.101010101	0.064308682	18.99	2322	24847.54514	9.35	25.81731975	22590	40.641	0.814	1.070165277	1.085485101	1.020403624	10558177
Escherichia_coli	Portugal	Southern	PT	2009	0.105755042	0.00180072	0.277242777	0.092050209	0.052659574	19.134	2279	23059.79745	9.88	24.60703701	22920	40.036	0.817	1.092931271	1.156264782	1.064921498	10568247
Escherichia_coli	Portugal	Southern	PT	2010	0.120262759	0.002772003	0.272774597	0.104253112	0.064805058	18.612	2213	22498.69086	9.82	24.55263883	22960	39.433	0.822	1.090370893	1.010234594	1.05659771	10573100
Escherichia_coli	Portugal	Southern	PT	2011	0.138124363	0	0.272300469	0.11257233	0.071919619	19.2262	2208	23186.91313	9.53	26.30024552	22720	38.833	0.827	1.112963796	0.947194099	1.02385664	10557560
Escherichia_coli	Portugal	Southern	PT	2012	0.162488394	0.001469868	0.303058387	0.135097493	0.091585309	18.7098	1919	20564.88986	9.35	28.17890942	21150	38.237	0.829	0.96023792	1.035027623	1.065502048	10514844
Escherichia_coli	Portugal	Southern	PT	2013	0.152011923	0.001124438	0.316201117	0.149365198	0.081464873	16.0974	1959	21647.04181	9.09	26.9631058	21370	37.648	0.837	0.950478137	1.230732441	1.058801651	10457295
Escherichia_coli	Portugal	Southern	PT	2014	0.151071929	0.00020008	0.323652278	0.164211783	0.081779916	16.5963	1987	22074.30076	9.02	27.70278156	21190	37.064	0.84	0.947626293	0.988590837	1.137530565	10401062
Escherichia_coli	Portugal	Southern	PT	2015	0.138309754	0.000933881	0.296592813	0.160900298	0.07603429	17.3372	1725	19242.36647	8.97	27.72781551	20440	36.486	0.843	0.964724958	1.220341086	1.146594763	10358076
Escherichia_coli	Portugal	Southern	PT	2016	0.131483088	0.000173611	0.289469134	0.160615491	0.076709476	17.5384	1803	19978.40121	9.04	27.79162228	19930	35.914	0.846	0.92550689	1.209820509	1.097241998	10325452
Escherichia_coli	Portugal	Southern	PT	2017	0.119304838	0.003289474	0.272727273	0.155876417	0.06598586	16.3669	1908	21490.42986	8.97	27.53207982	20050	35.348	0.848	0.873952627	1.332027793	1.132149458	10300300
Escherichia_coli	Portugal	Southern	PT	2018	0.121545064	0.005347594	0.254601227	0.147083829	0.061956143	17.1966	1908	23461.57186	8.97	27.53207982	21990	34.789	0.85	0.849960387	1.208908916	1.140163064	10283822
Escherichia_coli	Romania	Eastern	RO	2008	0.235294118	0	0.269230769	0.236363636	0.1875	9.6463	521.3	10435.04398	5.02	18.182154	8800	46.433	0.795	-0.14283666	-0.324172407	-0.013610071	20537875
Escherichia_coli	Romania	Eastern	RO	2009	0.157894737	0	0.181818182	0.13559322	0.127272727	9.6463	449.4	8548.118672	5.28	20.78450471	9220	46.302	0.798	-0.262549967	-0.359749705	0.045407757	20367487
Escherichia_coli	Romania	Eastern	RO	2010	0.121212121	0	0.242424242	0.205882353	0.0625	18.06145	472.2	8209.919456	5.77	19.63123679	8640	46.171	0.797	-0.226526499	-0.265529186	0.048213527	20246871
Escherichia_coli	Romania	Eastern	RO	2011	0.18	0	0.28	0.210526316	0.1	26.4766	426.6	9104.995622	4.7	24.27583933	8660	46.04	0.798	-0.213255227	-0.328980565	0.056954619	20147528
Escherichia_coli	Romania	Eastern	RO	2012	0.243243243	0	0.290322581	0.251308901	0.156424581	25.9402	401.7	8535.046876	4.72	22.42794037	8780	46.026	0.796	-0.263397515	-0.311950058	0.042129636	20058035
Escherichia_coli	Romania	Eastern	RO	2013	0.147651007	0	0.31	0.228187919	0.092465753	26.7645	495.2	9555.244217	5.19	20.17611563	9320	46.063	0.8	-0.18797645	-0.074424632	0.125015959	19983693
Escherichia_coli	Romania	Eastern	RO	2014	0.171617162	0.006557377	0.312703583	0.294117647	0.144295302	26.6204	503.3	10026.97358	5.03	20.31369954	9680	46.1	0.803	-0.112616196	-0.025993757	0.165362	19908979
Escherichia_coli	Romania	Eastern	RO	2015	0.183060109	0.019021739	0.307277628	0.268292683	0.134615385	28.0473	442.2	8977.437382	4.94	21.28169239	9650	46.113	0.806	-0.017646439	-0.056130581	0.157543659	19815616
Escherichia_coli	Romania	Eastern	RO	2016	0.149758454	0.00973236	0.306220096	0.234449761	0.117073171	24.4245	476.2	9567.129345	4.99	20.75504959	9650	46.1	0.808	-0.018714854	-0.169035584	0.360988885	19702267
Escherichia_coli	Romania	Eastern	RO	2017	0.152046784	0.003921569	0.264478764	0.187258687	0.097465887	24.5039	555.1	10807.79539	5.16	20.48804611	10110	46.064	0.813	-0.03147899	-0.172128066	0.387540936	19587290
Escherichia_coli	Romania	Eastern	RO	2018	0.12788906	0	0.291021672	0.201834862	0.071762871	24.9563	555.1	12408.59649	5.16	20.48804611	11430	46.002	0.816	-0.121651269	-0.253441751	0.325064033	19472545
Escherichia_coli	Slovenia	Central	SI	2008	0.065217391	0	0.169336384	0.042334096	0.022883295	12.6229	2171	27483.33695	7.85	12.63994575	24620	47.791	0.878	0.981918633	1.187827349	1.00898242	2021316
Escherichia_coli	Slovenia	Central	SI	2009	0.098544233	0	0.182530795	0.045912654	0.024636058	11.9269	2117	24694.23056	8.56	12.77988851	24380	47.567	0.877	1.058565736	1.154733896	1.07542634	2039669
Escherichia_coli	Slovenia	Central	SI	2010	0.088235294	0	0.193277311	0.066176471	0.037815126	11.8137	2015	23509.54339	8.59	12.6401633	24540	47.342	0.881	0.922867894	1.02644074	1.008394241	2048583
Escherichia_coli	Slovenia	Central	SI	2011	0.095808383	0	0.206586826	0.087824351	0.038922156	11.8791	2145	25095.13263	8.57	12.19664216	24580	47.117	0.883	0.948806465	0.98951149	1.052851915	2052843
Escherichia_coli	Slovenia	Central	SI	2012	0.08390411	0	0.214041096	0.095034247	0.049657534	11.783	1975	22643.10025	8.76	12.4599658	23250	46.892	0.876	0.839746892	1.031650066	1.014998674	2057159
Escherichia_coli	Slovenia	Central	SI	2013	0.093137255	0.000816993	0.198529412	0.087418301	0.044934641	11.907	2055	23496.60231	8.79	12.45486438	23230	46.668	0.884	0.729321599	1.013162732	1.000792265	2059953
Escherichia_coli	Slovenia	Central	SI	2014	0.112664474	0	0.232730263	0.127467105	0.070723684	11.6207	2060	24214.92207	8.51	12.98344582	23610	46.443	0.886	0.726776481	1.005159855	1.001514196	2061980
Escherichia_coli	Slovenia	Central	SI	2015	0.128959276	0	0.246037736	0.136500754	0.080754717	11.855	1775	20881.76677	8.5	12.49877736	22250	46.219	0.886	0.772998154	0.972418487	0.974570155	2063531
Escherichia_coli	Slovenia	Central	SI	2016	0.106338028	0	0.255633803	0.125352113	0.069014085	10.6526	1834	21622.58068	8.48	12.00222373	21750	45.98	0.892	0.822988153	1.127258778	1.082672358	2065042
Escherichia_coli	Slovenia	Central	SI	2017	0.114285714	0	0.248734635	0.124738676	0.062906725	10.7356	1920	23500.75223	8.19	12.32816875	22110	45.727	0.899	0.813808024	1.170688272	1.023465395	2066388
Escherichia_coli	Slovenia	Central	SI	2018	0.097176308	0	0.210313961	0.091429299	0.047296087	11.83435	2035	23505.14781	8.535	12.47937158	23430	46.78	0.8835	0.831367523	1.029045403	1.011990547	2058556
Escherichia_coli	Spain	Southern	ES	2008	0.109085888	0	0.325207756	0.090182019	0.029395452	15.7652	2968	35366.2596	8.29	21.01576924	32190	22.024	0.856	1.190226078	0.920346916	1.193508863	45954106
Escherichia_coli	Spain	Southern	ES	2009	0.129649031	0	0.31496063	0.113059409	0.043866562	15.6735	2913	32042.47408	8.98	19.5030123	32460	21.79	0.858	1.062199712	0.945832193	1.162589192	46362946
Escherichia_coli	Spain	Southern	ES	2010	0.140976124	0.000175562	0.327598315	0.12113764	0.054599719	16.194	2775	30502.71971	9.01	20.75950205	31880	21.558	0.865	1.084354401	0.994798839	1.188944459	46576897
Escherichia_coli	Spain	Southern	ES	2011	0.148134928	0.000178795	0.344827586	0.119821429	0.049159814	16.597	2895	31636.44631	9.08	21.11074477	30950	21.327	0.87	1.104123712	1.02723515	1.198051929	46742697
Escherichia_coli	Spain	Southern	ES	2012	0.155594714	0.000529101	0.338521401	0.135049365	0.058396744	15.6555	2589	28324.42934	9.07	22.84075618	29520	21.098	0.873	1.128225803	1.120682478	1.064827085	46773055
Escherichia_coli	Spain	Southern	ES	2013	0.153314218	0.007431177	0.348970638	0.133007417	0.058436075	16.1563	2629	29059.54795	9.02	23.98318201	29210	20.867	0.875	0.903092504	1.154522538	1.0205158	46620045
Escherichia_coli	Spain	Southern	ES	2014	0.150687285	0.00051573	0.340323135	0.123346504	0.052975576	17.0698	2671	29461.55033	9.02	24.36438203	29130	20.634	0.88	0.629841745	1.1597054	0.952644229	46480882
Escherichia_coli	Spain	Southern	ES	2015	0.147018031	0.000156274	0.315545959	0.11621033	0.055018703	17.4888	2352	25732.01836	9.11	23.78713787	28430	20.398	0.885	0.583900213	1.174035192	0.901592016	46444832
Escherichia_coli	Spain	Southern	ES	2016	0.145294118	0.000588755	0.328233044	0.149705882	0.061993815	25.6276	2391	26505.34322	8.97	23.93914312	27530	20.16	0.888	0.515630543	1.115842104	0.978824794	46484062
Escherichia_coli	Spain	Southern	ES	2017	0.137004478	0.000165948	0.325030272	0.12809026	0.054728091	25.0078	2506	28170.43457	8.87	23.56579006	27060	19.92	0.891	0.491772741	1.033853531	1.008470416	46593236
Escherichia_coli	Spain	Southern	ES	2018	0.141216557	0.000378597	0.321165966	0.137574151	0.063832588	24.3111	2506	30337.67913	8.87	23.56579006	29320	19.679	0.893	0.613605201	1.002135754	0.968262732	46797754
Escherichia_coli	Sweden	Northern	SE	2008	0.022597467	0	0.102793296	0.022580645	0.006709533	14.2216	4653	56152.55234	8.3	16.92032367	55480	15.254	0.901	2.227349281	1.956433296	1.931482196	9219637
Escherichia_coli	Sweden	Northern	SE	2009	0.028519776	0.000129333	0.103922911	0.02583171	0.009268039	13.6945	4152	46946.96027	8.93	16.90623462	52470	15.098	0.899	2.253190994	2.045358896	1.965965271	9298515
Escherichia_coli	Sweden	Northern	SE	2010	0.034442085	0.000258665	0.105052526	0.029082774	0.011826544	13.7565	4437	52869.04429	8.48	16.94122553	54580	14.944	0.906	2.274586916	2.004213095	1.955096722	9378126
Escherichia_coli	Sweden	Northern	SE	2011	0.047628909	0	0.100568516	0.036456292	0.014157014	13.8858	6387	60755.75955	10.67	15.0433436	56570	14.703	0.906	2.196956873	1.96506381	1.941077232	9449213
Escherichia_coli	Sweden	Northern	SE	2012	0.058154235	0.000180865	0.110890374	0.044608994	0.01770871	13.7087	6274	58037.82132	10.93	15.4042542	58930	14.38	0.908	2.312869072	1.957009554	1.951555252	9519374
Escherichia_coli	Sweden	Northern	SE	2013	0.060422535	0.00027222	0.115823817	0.05204461	0.020439808	12.65	6723	61126.9432	11.09	15.53537697	61580	14.064	0.927	2.29162097	1.909026146	1.972878098	9600379
Escherichia_coli	Sweden	Northern	SE	2014	0.060649304	0	0.112991054	0.055606477	0.02022365	12.4811	6628	60020.36046	11.13	15.51090479	61690	13.753	0.929	2.153375149	1.803889275	1.992006302	9696110
Escherichia_coli	Sweden	Northern	SE	2015	0.064224961	0.000753721	0.126153846	0.062385321	0.02453871	11.9241	5623	51545.48361	11	15.48625827	58250	13.447	0.932	2.241128206	1.815902472	2.037792206	9799186
Escherichia_coli	Sweden	Northern	SE	2016	0.07224061	0.000866176	0.136605729	0.082638689	0.031272518	11.6734	5707	51965.15715	10.98	15.33536315	54370	13.148	0.934	2.191839695	1.773643494	2.01903367	9923085
Escherichia_coli	Sweden	Northern	SE	2017	0.064953109	0.00017334	0.157931274	0.07357513	0.020187957	11.2584	5905	53791.50873	11.02	15.03260434	52970	12.854	0.935	2.138959408	1.837575555	1.936156511	10057698
Escherichia_coli	Sweden	Northern	SE	2018	0.077352176	0.000185598	0.18055039	0.083302412	0.030737705	10.7826	5905	54589.06039	11.02	15.03260434	55620	12.569	0.937	2.139881849	1.830975056	1.894910097	10175214
Escherichia_coli	UK	Northern	UK	2008	0.070202808	0.001392758	0.151054852	0.069311446	0.033947066	14.9073	3606	47286.99849	7.65	9.436758608	48580	19.243	0.896	1.682486892	1.643774986	1.708198905	61806995
Escherichia_coli	UK	Northern	UK	2009	0.073764788	0.000289101	0.180387409	0.093583566	0.039823009	15.1974	3274	38713.13743	8.48	9.372603148	44220	18.969	0.899	1.632727146	1.512003183	1.7389853	62276270
Escherichia_coli	UK	Northern	UK	2010	0.082775411	0.000248447	0.173001038	0.089729492	0.039837786	16.4634	3309	39435.8399	8.43	9.79340598	41650	18.698	0.905	1.604826927	1.568379402	1.764102578	62766365
Escherichia_coli	UK	Northern	UK	2011	0.080904434	0.000646552	0.175413372	0.096294867	0.035564436	16.5041	3502	42038.57225	8.38	9.883193672	41070	18.43	0.899	1.616091013	1.558900833	1.650690675	63258810
Escherichia_coli	UK	Northern	UK	2012	0.086228482	0.002122733	0.165678577	0.131379128	0.041958042	17.661	3493	42462.77157	8.29	9.715238214	41700	18.163	0.897	1.674152732	1.547542214	1.718675971	63700215
Escherichia_coli	UK	Northern	UK	2013	0.090427016	0.000479923	0.163046585	0.147130276	0.043611324	18.3145	4208	43444.533	9.77	15.03525972	42740	17.898	0.914	1.699135184	1.495450616	1.705037713	64128273
Escherichia_coli	UK	Northern	UK	2014	0.088534506	0.001413539	0.168183788	0.103198843	0.043773219	18.5446	4601	47425.60768	9.76	14.97426927	44330	17.635	0.918	1.738477588	1.626729727	1.889571428	64602298
Escherichia_coli	UK	Northern	UK	2015	0.099471249	0.002546844	0.156400551	0.112594312	0.045126001	17.8977	4326	44974.83188	9.69	15.12357891	44290	17.374	0.916	1.876371026	1.743744612	1.813059926	65116219
Escherichia_coli	UK	Northern	UK	2016	0.098592765	0.00030753	0.163309007	0.09237389	0.040092887	17.452	3945	41064.13343	9.7	15.49326032	42980	17.114	0.918	1.898976684	1.60161829	1.691506982	65611593
Escherichia_coli	UK	Northern	UK	2017	0.099580338	0.000232759	0.174689415	0.10256043	0.041181737	17.0555	3859	40361.41738	9.63	15.95682204	41370	16.857	0.919	1.843364477	1.414132953	1.679469466	66058859
Escherichia_coli	UK	Northern	UK	2018	0.104735515	0.00041628	0.177121889	0.10966977	0.04456694	16.2974	3859	43043.22782	9.63	15.95682204	41730	16.602	0.92	1.826838136	1.341883779	1.637675166	66460344
