Bacteria	Country	Region	Code	Year	Aminoglycosides_r_percentage	Carbapenems_r_percentage	Fluoroquinolones_r_percentage	Third-generation_cephalosporins_r_percentage	R_multi	DDD_sys_commun	per_cap_US	GDP_total	GDP_health	Out_pocket_exp	income_pc	rural_pop	HDI	ctrl_corrup	GOV_effect	rule_law	total_pop
Klebsiella_pneumoniae	Austria	Central	AT	2008	0.061962134	0	0.117039587	0.079447323	0.037996546	13.2868	5037	51708.76575	9.73	18.24393272	49110	42.034	0.884	1.843034983	1.780839682	1.922994852	8321496
Klebsiella_pneumoniae	Austria	Central	AT	2009	0.030794165	0	0.084437086	0.076422764	0.020033389	13.6297	4909	47963.1794	10.23	18.05128604	49000	42.317	0.886	1.703024626	1.666579604	1.784890175	8343323
Klebsiella_pneumoniae	Austria	Central	AT	2010	0.055632823	0.00589391	0.181944444	0.126388889	0.018181818	13.1338	4796	46858.04327	10.22	18.60162616	49610	42.601	0.895	1.585461736	1.841762662	1.800300002	8363404
Klebsiella_pneumoniae	Austria	Central	AT	2011	0.069620253	0.001639344	0.165621079	0.133333333	0.039490446	12.6683	5161	51374.95841	10.03	18.73956323	50590	42.885	0.897	1.43189621	1.617761374	1.801554561	8391643
Klebsiella_pneumoniae	Austria	Central	AT	2012	0.050175029	0.008130081	0.154402895	0.11757858	0.039903265	12.1885	4966	48567.69529	10.2	18.67409199	50060	42.853	0.899	1.389730573	1.57587254	1.858178735	8429991
Klebsiella_pneumoniae	Austria	Central	AT	2013	0.049710983	0.012087912	0.157837838	0.107332625	0.035842294	14.1696	5234	50716.70871	10.29	19.17125136	50700	42.664	0.896	1.55079484	1.588477135	1.851382136	8479823
Klebsiella_pneumoniae	Austria	Central	AT	2014	0.055135135	0.006179197	0.104016478	0.082329317	0.032222222	12.0866	5386	51717.49594	10.37	19.09817606	50370	42.474	0.904	1.474734902	1.572585702	1.952464104	8546356
Klebsiella_pneumoniae	Austria	Central	AT	2015	0.047966632	0.007827789	0.116618076	0.083809524	0.033119658	12.0588	4611	44178.04738	10.37	19.09111291	47450	42.285	0.906	1.519275665	1.47912693	1.855246663	8642699
Klebsiella_pneumoniae	Austria	Central	AT	2016	0.048401037	0.006677796	0.097913323	0.095582329	0.035467128	11.4237	4719	45237.80509	10.42	19.30112839	46220	42.095	0.909	1.548537016	1.511904955	1.814966559	8736668
Klebsiella_pneumoniae	Austria	Central	AT	2017	0.04820333	0.009918846	0.142109852	0.085820896	0.030131827	11.9188	4940	47549.07904	10.4	19.2032665	45150	41.906	0.912	1.526028633	1.461260676	1.81247282	8797566
Klebsiella_pneumoniae	Austria	Central	AT	2018	0.047775947	0.010135135	0.131859132	0.083538084	0.030756442	10.4153	4940	51525.04643	10.4	19.2032665	49400	41.703	0.914	1.59649229	1.453342438	1.874770164	8840521
Klebsiella_pneumoniae	Belgium	Western	BE	2009	0.120689655	0.012048193	0.133802817	0.147887324	0.034482759	22.1649	4567	44583.54481	10.14	18.16453636	46840	2.397	0.899	1.460205913	1.571341515	1.384072661	10796493
Klebsiella_pneumoniae	Belgium	Western	BE	2010	0.019047619	0	0.125	0.125874126	0.00952381	23.1055	4450	44141.87814	9.97	18.17270666	46950	2.349	0.903	1.527498484	1.575025916	1.393127918	10895586
Klebsiella_pneumoniae	Belgium	Western	BE	2011	0.088888889	0.003095975	0.149321267	0.136227545	0.056565657	23.6027	4856	47348.52502	10.14	18.17521751	46400	2.302	0.904	1.575072408	1.656355858	1.418425918	11038264
Klebsiella_pneumoniae	Belgium	Western	BE	2012	0.115942029	0.00733945	0.172932331	0.164814815	0.085158151	23.9409	4615	44673.11588	10.27	17.73408204	47100	2.256	0.905	1.608068228	1.602476358	1.427129149	11106932
Klebsiella_pneumoniae	Belgium	Western	BE	2013	0.119341564	0.003236246	0.222222222	0.153198653	0.081896552	22.5706	4850	46744.66254	10.37	18.03226322	47880	2.211	0.908	1.673882127	1.607339144	1.43843472	11159407
Klebsiella_pneumoniae	Belgium	Western	BE	2014	0.108504399	0.004662005	0.181818182	0.162886598	0.079178886	22.3619	4944	47700.54036	10.41	17.49034077	47800	2.167	0.91	1.573291898	1.381594181	1.52343905	11209057
Klebsiella_pneumoniae	Belgium	Western	BE	2015	0.115819209	0.005141388	0.226912929	0.197044335	0.093484419	22.751	4171	40991.80814	10.28	17.53991246	45540	2.124	0.913	1.57330668	1.438440561	1.463494301	11274196
Klebsiella_pneumoniae	Belgium	Western	BE	2016	0.138147567	0.023916293	0.236173393	0.228699552	0.092621664	22.531	4279	41998.33575	10.3	17.86475033	43440	2.081	0.915	1.638705134	1.326213479	1.390964746	11331422
Klebsiella_pneumoniae	Belgium	Western	BE	2017	0.124802528	0.011378003	0.236612702	0.193026152	0.085308057	21.1439	4507	44288.50804	10.34	17.63822287	42750	2.039	0.917	1.497134089	1.181692719	1.3434273	11375158
Klebsiella_pneumoniae	Belgium	Western	BE	2018	0.124497992	0.013903743	0.22639485	0.213903743	0.098382749	20.7657	4507	47491.32326	10.34	17.63822287	45940	1.999	0.919	1.510498047	1.171748161	1.367054224	11427054
Klebsiella_pneumoniae	Bulgaria	Eastern	BG	2008	0.571428571	0	0.520833333	0.734693878	0.4375	17.4905	455.5	7265.735497	6.29	42.6291883	6070	28.378	0.771	-0.254679352	-0.047309104	-0.107263453	7492561
Klebsiella_pneumoniae	Bulgaria	Eastern	BG	2009	0.610526316	0	0.484210526	0.694736842	0.389473684	15.9105	459.3	6984.965976	6.61	44.36734319	6670	28.037	0.774	-0.212567106	0.166158289	-0.038340408	7444443
Klebsiella_pneumoniae	Bulgaria	Eastern	BG	2010	0.696	0	0.523809524	0.755905512	0.443548387	15.8428	484.8	6809.898984	7.11	43.14134419	6940	27.698	0.779	-0.185103625	0.114835203	-0.069240548	7395599
Klebsiella_pneumoniae	Bulgaria	Eastern	BG	2011	0.711864407	0	0.512396694	0.809917355	0.457627119	16.9587	555.9	7806.348652	7.13	44.46372688	7220	27.362	0.782	-0.220316142	0.110085554	-0.111741245	7348328
Klebsiella_pneumoniae	Bulgaria	Eastern	BG	2012	0.53968254	0.018518519	0.472440945	0.748031496	0.365079365	16.1092	558.6	7393.189177	7.59	47.74680734	7430	27.025	0.786	-0.227857694	0.141888097	-0.085204966	7305888
Klebsiella_pneumoniae	Bulgaria	Eastern	BG	2013	0.507575758	0	0.456521739	0.695652174	0.356060606	17.2952	600.3	7651.817881	7.87	47.10148871	7590	26.687	0.792	-0.267288208	0.157344475	-0.102405354	7265115
Klebsiella_pneumoniae	Bulgaria	Eastern	BG	2014	0.657342657	0.071942446	0.503311258	0.748344371	0.440559441	18.6023	666.4	7874.260904	8.5	45.8127737	7740	26.349	0.797	-0.246874854	0.0787379	-0.046017233	7223938
Klebsiella_pneumoniae	Bulgaria	Eastern	BG	2015	0.595238095	0.031578947	0.375	0.75	0.285714286	18.8214	572	7053.603706	8.2	47.66826928	7450	26.01	0.807	-0.264645517	0.208683118	-0.097004414	7177991
Klebsiella_pneumoniae	Bulgaria	Eastern	BG	2016	0.644444444	0.044025157	0.55625	0.725	0.458646617	17.6417	612.5	7545.790332	8.23	47.95404673	7430	25.671	0.812	-0.168443292	0.295897067	-0.061471604	7127822
Klebsiella_pneumoniae	Bulgaria	Eastern	BG	2017	0.630952381	0.124260355	0.597633136	0.763313609	0.5	18.9446	663.7	8331.058025	8.1	46.55256867	7640	25.331	0.813	-0.161115259	0.260194153	-0.040922999	7075947
Klebsiella_pneumoniae	Bulgaria	Eastern	BG	2018	0.591623037	0.212435233	0.626943005	0.777202073	0.476439791	19.3704	663.7	9423.558612	8.1	46.55256867	8910	24.992	0.816	-0.151538402	0.271875739	-0.02981348	7025037
Klebsiella_pneumoniae	Croatia	Southern	HR	2008	0.518181818	0.003115265	0.435185185	0.543806647	0.38170347	20.7704	1259	16309.43901	7.7	14.51390833	14270	45.181	0.805	-0.010580561	0.569998205	0.086383566	4309705
Klebsiella_pneumoniae	Croatia	Southern	HR	2009	0.446637903	0.004217207	0.434573725	0.48379333	0.305808081	17.39575	905.75	13621.19403	6.81	11.12463251	13485	44.1855	0.826	0.127946284	0.570652277	0.26862859	4247039
Klebsiella_pneumoniae	Croatia	Southern	HR	2010	0.483870968	0.021505376	0.474820144	0.555160142	0.347826087	17.1814	1126	13923.62858	8.1	13.95677775	14070	44.845	0.811	0.059268434	0.622320652	0.201946497	4295427
Klebsiella_pneumoniae	Croatia	Southern	HR	2011	0.432432432	0	0.424657534	0.481605351	0.305555556	16.5239	1132	14566.63847	7.79	12.05216944	14000	44.678	0.817	0.063671045	0.561252236	0.217892975	4280622
Klebsiella_pneumoniae	Croatia	Southern	HR	2012	0.460843373	0	0.429003021	0.521084337	0.3081571	18.2616	1030	13238.10193	7.79	11.47245094	13420	44.494	0.82	0.009865428	0.706691682	0.245607689	4267558
Klebsiella_pneumoniae	Croatia	Southern	HR	2013	0.508108108	0.005319149	0.431635389	0.5	0.29972752	17.6101	889.9	13642.19366	6.52	8.831276745	13550	44.294	0.825	0.12422023	0.701186359	0.291649491	4255689
Klebsiella_pneumoniae	Croatia	Southern	HR	2014	0.488023952	0.008982036	0.448484848	0.479041916	0.306060606	17.7681	909.4	13600.19439	6.7	11.2752825	13260	44.077	0.827	0.219041422	0.692963302	0.319685102	4238389
Klebsiella_pneumoniae	Croatia	Southern	HR	2015	0.431578947	0.023684211	0.486842105	0.468421053	0.323684211	18.0325	795.5	11782.89908	6.79	10.94434559	12970	43.845	0.83	0.24522607	0.513849258	0.200354069	4203604
Klebsiella_pneumoniae	Croatia	Southern	HR	2016	0.360759494	0	0.433962264	0.485981308	0.275080906	17.0664	840.9	12360.48382	6.83	10.97398251	12380	43.597	0.832	0.20333077	0.494286805	0.409176141	4174349
Klebsiella_pneumoniae	Croatia	Southern	HR	2017	0.308681672	0	0.40776699	0.417475728	0.229508197	16.8271	902.1	13412.33829	6.79	10.97325161	12640	43.333	0.835	0.186701789	0.571306348	0.334248334	4124531
Klebsiella_pneumoniae	Croatia	Southern	HR	2018	0.363636364	0.021538462	0.486238532	0.443396226	0.282051282	17.001	902.1	14920.19138	6.79	10.97325161	14010	43.053	0.837	0.131672338	0.456918329	0.32438755	4087843
Klebsiella_pneumoniae	Cyprus	Eastern	CY	2008	0.14516129	0.096774194	0.225806452	0.35483871	0.112903226	28.6932	2155	35397.36368	6.02	51.4000833	31970	32.161	0.852	1.204644084	1.53257072	1.216479301	1081563
Klebsiella_pneumoniae	Cyprus	Eastern	CY	2009	0.169811321	0.169811321	0.433962264	0.41509434	0.169811321	29.1558	2105	32109.24251	6.47	49.9238044	32780	32.305	0.854	0.912045002	1.41832912	1.212835073	1098083
Klebsiella_pneumoniae	Cyprus	Eastern	CY	2010	0.149253731	0.164179104	0.388059701	0.343283582	0.149253731	26.2621	1959	31023.63833	6.28	40.94297886	32040	32.449	0.85	0.974873543	1.531830311	1.216248751	1112612
Klebsiella_pneumoniae	Cyprus	Eastern	CY	2011	0.240963855	0.156626506	0.361445783	0.409638554	0.21686747	26.8634	2153	32396.38574	6.59	42.79902577	32550	32.594	0.853	0.866362035	1.563668251	1.07300961	1124833
Klebsiella_pneumoniae	Cyprus	Eastern	CY	2012	0.153846154	0.092307692	0.215384615	0.230769231	0.092307692	25.0928	1943	28912.15694	6.69	44.02578771	29680	32.739	0.852	1.251133919	1.391171932	1.099629998	1135046
Klebsiella_pneumoniae	Cyprus	Eastern	CY	2013	0.220588235	0.058823529	0.235294118	0.308823529	0.058823529	23.9493	1920	27729.1927	6.9	43.09228957	27830	32.863	0.854	1.245758176	1.366624117	1.036581397	1143866
Klebsiella_pneumoniae	Cyprus	Eastern	CY	2014	0.2875	0.05	0.2625	0.325	0.15	22.1873	1846	27129.62612	6.78	44.73412633	26510	32.969	0.856	1.075781465	1.140383601	1.077018499	1152285
Klebsiella_pneumoniae	Cyprus	Eastern	CY	2015	0.370967742	0.129032258	0.370967742	0.435483871	0.177419355	26.593	1582	23333.71491	6.81	44.32916045	25960	33.054	0.864	1.007443786	1.048619509	1.039910555	1160985
Klebsiella_pneumoniae	Cyprus	Eastern	CY	2016	0.226666667	0.106666667	0.32	0.306666667	0.186666667	28.3696	1637	24532.51906	6.79	45.2442795	24700	33.119	0.869	0.826646328	0.960943103	0.721343994	1170187
Klebsiella_pneumoniae	Cyprus	Eastern	CY	2017	0.267605634	0.154929577	0.352112676	0.464788732	0.253521127	28.8781	1732	26338.69434	6.68	44.63203549	24580	33.164	0.871	0.782737195	0.919977784	0.884949744	1179680
Klebsiella_pneumoniae	Cyprus	Eastern	CY	2018	0.367816092	0.218390805	0.494252874	0.482758621	0.32183908	28.8781	1732	28689.70672	6.68	44.63203549	26620	33.19	0.873	0.640067935	0.920902193	0.752880812	1189265
Klebsiella_pneumoniae	Czech_Republic	Central	CZ	2008	0.401346801	0.002380952	0.51541555	0.476892163	0.307951482	15.8673	1449	22698.85396	6.36	16.13297015	18340	26.606	0.854	0.358293951	1.013641596	0.914493978	10384603
Klebsiella_pneumoniae	Czech_Republic	Central	CZ	2009	0.461206897	0.00247117	0.542756184	0.520848057	0.351293103	16.6193	1442	19741.59763	7.29	15.05053937	18690	26.676	0.857	0.386209816	0.883240402	0.962592542	10443936
Klebsiella_pneumoniae	Czech_Republic	Central	CZ	2010	0.461788618	0.000906618	0.551068884	0.482185273	0.358014646	16.0064	1374	19808.07109	6.93	15.25087506	19280	26.745	0.862	0.331638575	0.905217707	0.949479163	10474410
Klebsiella_pneumoniae	Czech_Republic	Central	CZ	2011	0.437842064	0.000838223	0.528360528	0.482517483	0.35809226	16.5068	1517	21717.45794	6.98	15.02145827	19420	26.815	0.865	0.341793329	0.930979669	1.036918283	10496088
Klebsiella_pneumoniae	Czech_Republic	Central	CZ	2012	0.543959971	0.003060444	0.50393138	0.511794139	0.418155826	15.663	1387	19729.87051	7.03	15.29148817	19350	26.803	0.865	0.272268176	0.928921938	1.041852593	10510785
Klebsiella_pneumoniae	Czech_Republic	Central	CZ	2013	0.509682417	0.005295675	0.477149497	0.51975213	0.382649109	16.8961	1555	19916.01939	7.81	13.58585358	19270	26.71	0.874	0.228798985	0.891820014	1.039771318	10514272
Klebsiella_pneumoniae	Czech_Republic	Central	CZ	2014	0.506869125	0.00087108	0.479739508	0.529284165	0.387120116	17.1151	1513	19744.55861	7.65	14.08199221	18800	26.616	0.879	0.36779505	1.017592907	1.15218091	10525347
Klebsiella_pneumoniae	Czech_Republic	Central	CZ	2015	0.519407198	0.002727273	0.488700565	0.541284404	0.415254237	17.3704	1284	17715.61685	7.24	14.82839435	18260	26.523	0.882	0.433735937	1.046509385	1.148088455	10546059
Klebsiella_pneumoniae	Czech_Republic	Central	CZ	2016	0.471480144	0	0.505057803	0.518063584	0.408236994	17.3704	1322	18463.38658	7.15	15.02381265	17590	26.43	0.885	0.536757231	1.036739469	1.035501719	10566332
Klebsiella_pneumoniae	Czech_Republic	Central	CZ	2017	0.496240602	0.003805899	0.492099323	0.531978932	0.417607223	17.3704	1476	20379.89604	7.23	14.80910182	17970	26.325	0.888	0.567682743	1.005324841	1.116695046	10594438
Klebsiella_pneumoniae	Czech_Republic	Central	CZ	2018	0.48550236	0.002512563	0.472334683	0.500674764	0.386639676	17.3704	1476	23046.94913	7.23	14.80910182	20230	26.208	0.891	0.503815472	0.922208071	1.048950672	10629928
Klebsiella_pneumoniae	Denmark	Northern	DK	2008	0.069356873	0.001912046	0.159675237	0.091935484	0.045528455	15.0695	6138	64322.0635	9.51	14.11779821	60390	13.513	0.909	2.393063545	2.251271963	1.966503382	5493621
Klebsiella_pneumoniae	Denmark	Northern	DK	2009	0.071776156	0	0.16182048	0.112359551	0.068333333	15.0173	6222	58163.27688	10.67	13.68460506	60090	13.346	0.906	2.446495295	2.232205391	1.924757004	5523095
Klebsiella_pneumoniae	Denmark	Northern	DK	2010	0.061326658	0	0.112927192	0.105545617	0.053859964	15.8742	6012	58041.39844	10.33	14.38572407	61220	13.205	0.91	2.358993053	2.096789598	1.897532105	5547683
Klebsiella_pneumoniae	Denmark	Northern	DK	2011	0.058370044	0	0.115990991	0.111459969	0.048973144	16.689	6281	61753.64713	10.15	14.55079019	61990	13.043	0.922	2.404429197	2.101078987	1.922707915	5570572
Klebsiella_pneumoniae	Denmark	Northern	DK	2012	0.059866962	0.002941176	0.088204038	0.104669887	0.031195841	15.7027	6004	58507.50805	10.24	14.15904015	61650	12.858	0.924	2.381078959	1.984567404	1.873899817	5591572
Klebsiella_pneumoniae	Denmark	Northern	DK	2013	0.043981481	0.001550388	0.089244851	0.115311909	0.034682081	15.6578	6237	61191.1937	10.17	13.81007284	63200	12.708	0.926	2.404900789	1.992455125	1.900482297	5614932
Klebsiella_pneumoniae	Denmark	Northern	DK	2014	0.048780488	0.002409639	0.06892895	0.075675676	0.031351351	15.1744	6381	62548.98473	10.17	13.77456188	63670	12.59	0.928	2.247260332	1.819007277	2.096355438	5643475
Klebsiella_pneumoniae	Denmark	Northern	DK	2015	0.025586354	0	0.053475936	0.077502691	0.010822511	15.3071	5469	53254.856	10.23	13.67477924	60510	12.474	0.926	2.211076021	1.847928524	2.042371035	5683483
Klebsiella_pneumoniae	Denmark	Northern	DK	2016	0.032062392	0.002680965	0.052951389	0.075134168	0.014388489	15.1637	5566	54663.99837	10.18	13.71238232	58040	12.358	0.928	2.23059082	1.876053929	1.912385345	5728010
Klebsiella_pneumoniae	Denmark	Northern	DK	2017	0.032040472	0.002531646	0.091293322	0.072888889	0.024064171	14.3332	5800	57141.05984	10.11	13.73846531	56210	12.243	0.929	2.193403959	1.79694283	1.863845944	5764980
Klebsiella_pneumoniae	Denmark	Northern	DK	2018	0.03286385	0.00541028	0.08522283	0.064710958	0.018981881	13.688	5800	61390.69301	10.11	13.73846531	60920	12.126	0.93	2.148100376	1.871631145	1.832332611	5793636
Klebsiella_pneumoniae	Estonia	Northern	EE	2008	0.154929577	0	0.06557377	0.115942029	0.01754386	10.4557	1039	18227.12008	5.75	20.72413415	15200	31.649	0.841	0.990575671	1.161840796	1.19912076	1337090
Klebsiella_pneumoniae	Estonia	Northern	EE	2009	0.15	0	0.189655172	0.172413793	0.089285714	9.7171	963	14794.97079	6.54	20.33495456	14620	31.777	0.838	1.007584095	1.009114146	1.131253362	1334515
Klebsiella_pneumoniae	Estonia	Northern	EE	2010	0.257575758	0	0.25	0.172839506	0.158730159	9.811	926.5	14790.82122	6.33	21.91824913	14700	31.906	0.844	0.995167315	1.085700631	1.159708977	1331475
Klebsiella_pneumoniae	Estonia	Northern	EE	2011	0.122222222	0	0.21978022	0.395348837	0.19047619	10.746	1015	17621.54744	5.82	21.55589908	16000	32.035	0.853	1.052501321	1.076736927	1.183797717	1327439
Klebsiella_pneumoniae	Estonia	Northern	EE	2012	0.131868132	0.012658228	0.172413793	0.177777778	0.104651163	10.3479	1013	17534.42154	5.83	21.51741236	16900	32.026	0.859	1.096038103	0.954537988	1.157106638	1322696
Klebsiella_pneumoniae	Estonia	Northern	EE	2013	0.101123596	0.027027027	0.266666667	0.233333333	0.091954023	10.3255	1144	19174.10073	6.01	22.60502726	18250	31.878	0.863	1.188760996	0.974775255	1.198479652	1317997
Klebsiella_pneumoniae	Estonia	Northern	EE	2014	0.185185185	0	0.218045113	0.207407407	0.114503817	10.2215	1237	20367.10266	6.12	22.62244374	18990	31.731	0.865	1.303455591	1.016679525	1.372891307	1314545
Klebsiella_pneumoniae	Estonia	Northern	EE	2015	0.213114754	0	0.338709677	0.23655914	0.222222222	10.5025	1112	17522.23019	6.39	22.78413773	18680	31.584	0.871	1.293648124	1.067977548	1.331910014	1315407
Klebsiella_pneumoniae	Estonia	Northern	EE	2016	0.213114754	0	0.295081967	0.327868852	0.169398907	10.3826	1185	18237.29584	6.5	22.72888422	18280	31.437	0.875	1.272345304	1.090856671	1.226358056	1315790
Klebsiella_pneumoniae	Estonia	Northern	EE	2017	0.124223602	0	0.248447205	0.211180124	0.118012422	9.9409	1300	20388.20955	6.43	23.66462499	18750	31.283	0.879	1.242426515	1.109356642	1.281881213	1317384
Klebsiella_pneumoniae	Estonia	Northern	EE	2018	0.102439024	0.005586592	0.209756098	0.13592233	0.088235294	10.2474	1300	23258.46758	6.43	23.66462499	21350	31.12	0.882	1.506536484	1.191937923	1.239835262	1321977
Klebsiella_pneumoniae	Finland	Northern	FI	2008	0.014234875	0	0.020905923	0.017361111	0.010714286	16.4782	4315	53554.03892	8.09	19.5440501	50070	16.701	0.904	2.337259531	2.050841331	1.922676086	5313399
Klebsiella_pneumoniae	Finland	Northern	FI	2009	0.011461318	0.002849003	0.032	0.013623978	0.005865103	16.5638	4180	47293.99283	8.88	19.38837022	48800	16.571	0.899	2.251192331	2.229058743	1.970258117	5338871
Klebsiella_pneumoniae	Finland	Northern	FI	2010	0.037634409	0	0.024937656	0.040302267	0.013586957	17.0141	4100	46459.97325	8.88	19.96495873	49600	16.23	0.903	2.159788132	2.2293396	1.968725324	5363352
Klebsiella_pneumoniae	Finland	Northern	FI	2011	0.012376238	0	0.027227723	0.024752475	0.012376238	18.5545	4549	51081.99767	8.96	19.33733374	50150	15.687	0.907	2.198592424	2.241137981	1.949498773	5388272
Klebsiella_pneumoniae	Finland	Northern	FI	2012	0.003875969	0	0.020522388	0.016791045	0.001937984	17.983	4411	47710.79022	9.3	18.69531572	48940	15.159	0.908	2.235261202	2.220477581	1.951503277	5413971
Klebsiella_pneumoniae	Finland	Northern	FI	2013	0.017077799	0	0.026070764	0.021818182	0.003891051	16.9272	4307	49878.04324	8.67	19.33733374	49480	14.875	0.916	2.202126265	2.174288273	1.936688185	5438972
Klebsiella_pneumoniae	Finland	Northern	FI	2014	0.023255814	0	0.046471601	0.024054983	0.014388489	16.5944	4740	50260.29986	9.49	18.92360151	49390	14.825	0.918	2.165774584	1.998275638	2.100273371	5461512
Klebsiella_pneumoniae	Finland	Northern	FI	2015	0.0192	0	0.03343465	0.029503106	0.011235955	15.7626	4122	42784.69836	9.7	19.77814883	47150	14.775	0.919	2.275324106	1.81301105	2.063105345	5479531
Klebsiella_pneumoniae	Finland	Northern	FI	2016	0.023383769	0.002597403	0.027308192	0.040789474	0.012396694	15.0338	4095	43784.28396	9.43	20.49999535	45490	14.725	0.922	2.239527702	1.828907728	2.015213728	5495303
Klebsiella_pneumoniae	Finland	Northern	FI	2017	0.029126214	0.002638522	0.079365079	0.045698925	0.023743017	13.5916	4206	46316.74546	9.21	20.22742331	44740	14.675	0.924	2.215836048	1.936856508	2.027072906	5508214
Klebsiella_pneumoniae	Finland	Northern	FI	2018	0.025839793	0.00617284	0.063118812	0.044720497	0.015564202	13.1898	4206	50021.29106	9.21	20.22742331	48300	14.618	0.925	2.212743521	1.984208465	2.045141697	5515525
Klebsiella_pneumoniae	France	Western	FR	2008	0.166353383	0	0.205741627	0.15202109	0.133014354	23.3297	4794	45334.11444	10.51	9.99231413	43460	22.132	0.869	1.407428026	1.582908034	1.507124543	64374984
Klebsiella_pneumoniae	France	Western	FR	2009	0.192307692	0.001577287	0.240384615	0.186502177	0.152366864	24.4043	4724	41575.41875	11.3	10.14965624	43930	21.883	0.869	1.438242078	1.480974436	1.452676177	64707040
Klebsiella_pneumoniae	France	Western	FR	2010	0.175097276	0.000698324	0.218074656	0.178339818	0.146692862	23.2071	4593	40638.334	11.24	10.22069007	43850	21.631	0.872	1.466379523	1.430300951	1.519731045	65027507
Klebsiella_pneumoniae	France	Western	FR	2011	0.220971564	0	0.279857398	0.253325272	0.182149362	23.352	4933	43790.73205	11.2	10.22155136	44350	21.378	0.876	1.532393575	1.35914433	1.446996093	65342780
Klebsiella_pneumoniae	France	Western	FR	2012	0.232350313	0.004917025	0.244234181	0.226183518	0.192342753	24.0061	4652	40874.70351	11.32	10.10120213	43380	21.122	0.878	1.455788136	1.340279341	1.454164147	65659809
Klebsiella_pneumoniae	France	Western	FR	2013	0.26625387	0.006514658	0.294363257	0.280185759	0.228601253	24.1306	4900	42592.93409	11.44	9.928711504	43780	20.865	0.882	1.329576135	1.48182869	1.426772714	65998687
Klebsiella_pneumoniae	France	Western	FR	2014	0.276508227	0.004755112	0.309885057	0.295620438	0.237108656	23.1241	4988	43011.2631	11.57	9.845147282	43320	20.606	0.887	1.314697027	1.403170347	1.474639177	66312067
Klebsiella_pneumoniae	France	Western	FR	2015	0.263157895	0.004901961	0.306603774	0.305389222	0.224612737	23.792	4204	36638.18493	11.46	9.70665291	41100	20.345	0.888	1.305665612	1.436796069	1.413305163	66548272
Klebsiella_pneumoniae	France	Western	FR	2016	0.262358895	0.003955696	0.276554654	0.288794763	0.213223787	23.8742	4257	37037.37419	11.48	9.551420808	39070	20.083	0.887	1.400143027	1.405252218	1.413081884	66724104
Klebsiella_pneumoniae	France	Western	FR	2017	0.237661883	0.006768792	0.267844768	0.288381743	0.19374121	22.9691	4380	38812.16103	11.31	9.384219348	38340	19.82	0.89	1.25949657	1.352089524	1.438317537	66864379
Klebsiella_pneumoniae	France	Western	FR	2018	0.248160535	0.005003336	0.304304304	0.307616222	0.215061058	23.5587	4380	41631.09074	11.31	9.384219348	41080	19.556	0.891	1.317085624	1.480525851	1.439210296	66965912
Klebsiella_pneumoniae	Germany	Central	DE	2008	0.09787234	0	0.153191489	0.114893617	0.072340426	13.4535	4636	45427.15168	10.16	14.1092062	43570	23.425	0.916	1.759812832	1.522835732	1.745705962	82110097
Klebsiella_pneumoniae	Germany	Central	DE	2009	0.09623431	0	0.14822547	0.13163482	0.072340426	13.7802	4643	41485.90165	11.14	13.91829103	43520	23.229	0.916	1.755257964	1.578987122	1.655951381	81902307
Klebsiella_pneumoniae	Germany	Central	DE	2010	0.10251046	0	0.148535565	0.127615063	0.075313808	13.3884	4597	41531.9342	11.01	14.04069811	44550	23.034	0.92	1.776269913	1.571171761	1.631237388	81776930
Klebsiella_pneumoniae	Germany	Central	DE	2011	0.088803089	0	0.140655106	0.125240848	0.069498069	13.085	5022	46644.77603	10.72	14.05884922	47220	22.84	0.925	1.743272901	1.554961085	1.616170526	80274983
Klebsiella_pneumoniae	Germany	Central	DE	2012	0.082956259	0	0.137254902	0.129518072	0.061840121	13.6955	4755	43858.36306	10.78	14.11986351	46530	22.83	0.927	1.829577088	1.593369126	1.664947629	80425823
Klebsiella_pneumoniae	Germany	Central	DE	2013	0.099606815	0.00655308	0.150793651	0.160574413	0.070385126	14.4872	5094	46285.76407	10.93	13.27638924	47190	22.82	0.927	1.813810706	1.542519927	1.649499655	80645605
Klebsiella_pneumoniae	Germany	Central	DE	2014	0.070576541	0.00695825	0.126530612	0.127236581	0.053115424	13.3729	5291	47959.99327	10.96	12.86283284	47620	22.81	0.93	1.838379741	1.731391549	1.856834173	80982500
Klebsiella_pneumoniae	Germany	Central	DE	2015	0.056257901	0.001263424	0.09556962	0.102466793	0.031685678	13.1123	4617	41139.54457	11.09	12.98534572	45850	22.8	0.933	1.837888479	1.736830235	1.794997096	81686611
Klebsiella_pneumoniae	Germany	Central	DE	2016	0.077251808	0.004889179	0.126466754	0.136245111	0.053324556	12.8394	4734	42098.92045	11.13	12.88281828	44290	22.776	0.936	1.843417764	1.734568119	1.622016311	82348669
Klebsiella_pneumoniae	Germany	Central	DE	2017	0.081832627	0.00466684	0.153227897	0.146081993	0.063328034	12.3406	5033	44349.58966	11.25	12.67291903	43680	22.739	0.938	1.841110229	1.71929121	1.608338714	82657002
Klebsiella_pneumoniae	Germany	Central	DE	2018	0.062145436	0.004382573	0.133213089	0.128733265	0.047447138	11.8748	5033	47639.00344	11.25	12.67291903	47150	22.688	0.939	1.946861625	1.61963284	1.629486918	82905782
Klebsiella_pneumoniae	Greece	Southern	EL	2008	0.532588454	0.365921788	0.642924086	0.657407407	0.487300094	40.3944	2848	31997.28201	8.89	31.99404776	28660	24.432	0.857	0.13356024	0.58529228	0.862212479	11077841
Klebsiella_pneumoniae	Greece	Southern	EL	2009	0.578077159	0.43515673	0.656211562	0.686658507	0.525308642	34.5956	2816	29710.9703	9.47	29.30950224	29330	24.068	0.859	0.067469649	0.61948657	0.652814925	11107017
Klebsiella_pneumoniae	Greece	Southern	EL	2010	0.599880739	0.490812092	0.708830549	0.746144721	0.557888422	35.558	2574	26917.75898	9.56	28.12847197	27660	23.708	0.857	-0.057776872	0.556039333	0.630501211	11121341
Klebsiella_pneumoniae	Greece	Southern	EL	2011	0.684338818	0.681540342	0.722324159	0.757957958	0.633742331	31.6285	2354	25916.29353	9.1	30.91951609	24930	23.351	0.853	-0.098818809	0.512197733	0.572887123	11104899
Klebsiella_pneumoniae	Greece	Southern	EL	2012	0.599020294	0.604794521	0.696778711	0.708704592	0.570126227	28.1955	1968	22242.68193	8.88	30.13835847	23500	22.996	0.856	-0.189221814	0.319800168	0.426507235	11045011
Klebsiella_pneumoniae	Greece	Southern	EL	2013	0.551753636	0.593879239	0.675767918	0.70115894	0.515463918	27.99	1834	21874.8195	8.41	33.68635774	22540	22.645	0.858	-0.04531141	0.459202468	0.465021938	10965211
Klebsiella_pneumoniae	Greece	Southern	EL	2014	0.593252109	0.623161765	0.676387582	0.725274725	0.551366635	29.1725	1725	21760.9798	7.95	36.63310707	22180	22.298	0.866	-0.122388072	0.398586392	0.36259988	10892413
Klebsiella_pneumoniae	Greece	Southern	EL	2015	0.506837607	0.619409283	0.664082687	0.69535865	0.467241379	31.2566	1465	18167.77372	8.09	36.42956913	20320	21.954	0.868	-0.076613776	0.256060988	0.267145306	10820883
Klebsiella_pneumoniae	Greece	Southern	EL	2016	0.528608027	0.668644068	0.686440678	0.724809483	0.484201537	30.9553	1499	18116.45962	8.28	34.60354507	18890	21.613	0.866	-0.092085712	0.226677805	0.107345834	10775971
Klebsiella_pneumoniae	Greece	Southern	EL	2017	0.53189911	0.647101981	0.669390788	0.691629956	0.478810409	32.1485	1517	18930.21859	8.04	34.75020826	18360	21.276	0.871	-0.138348609	0.313373446	0.083919302	10754679
Klebsiella_pneumoniae	Greece	Southern	EL	2018	0.54404842	0.638851802	0.68077957	0.707333333	0.504371217	32.387	1517	20324.30501	8.04	34.75020826	19620	20.942	0.872	-0.066019207	0.338260889	0.152649522	10732882
Klebsiella_pneumoniae	Hungary	Central	HU	2008	0.349593496	0	0.328767123	0.349593496	0.271232877	13.4216	1117	15753.47328	7.1	26.95135176	13230	32.057	0.818	0.471792012	0.707318962	0.92606169	10038188
Klebsiella_pneumoniae	Hungary	Central	HU	2009	0.405027933	0.005555556	0.332394366	0.384401114	0.286931818	13.8559	943.7	13046.48101	7.25	26.26888156	13380	31.54	0.823	0.433832288	0.67319572	0.796490192	10022650
Klebsiella_pneumoniae	Hungary	Central	HU	2010	0.462890625	0.054989817	0.428571429	0.458984375	0.379241517	13.6198	983.1	13113.52596	7.52	27.44554877	13190	31.089	0.826	0.365650147	0.666669607	0.780267775	10000023
Klebsiella_pneumoniae	Hungary	Central	HU	2011	0.530232558	0.01937046	0.50952381	0.531322506	0.460431655	13.7978	1063	14150.96673	7.54	28.24357152	13170	30.642	0.823	0.399596125	0.674927473	0.764692008	9971727
Klebsiella_pneumoniae	Hungary	Central	HU	2012	0.414634146	0.029106029	0.416494845	0.43	0.379166667	12.996	961.1	12918.24752	7.47	29.39691842	12990	30.322	0.826	0.356334448	0.628841758	0.615284204	9920362
Klebsiella_pneumoniae	Hungary	Central	HU	2013	0.370036101	0.016949153	0.376576577	0.373429084	0.322404372	13.3688	990.6	13687.2461	7.26	28.38487625	13480	30.047	0.835	0.321602583	0.654968202	0.582692802	9893082
Klebsiella_pneumoniae	Hungary	Central	HU	2014	0.317683881	0.011272142	0.349453978	0.355590062	0.286163522	14.0211	1006	14246.1098	7.09	28.36090922	13540	29.773	0.833	0.164560184	0.533443689	0.501931071	9866468
Klebsiella_pneumoniae	Hungary	Central	HU	2015	0.345609065	0.001455604	0.367142857	0.372159091	0.302292264	14.697	870.5	12651.56834	6.97	27.48836577	13220	29.5	0.835	0.148635432	0.497252017	0.399935961	9843028
Klebsiella_pneumoniae	Hungary	Central	HU	2016	0.347222222	0.004267425	0.352033661	0.37534626	0.300984529	13.3326	914.6	12992.37567	7.13	27.71828771	13050	29.221	0.838	0.097243495	0.464301646	0.423058361	9814023
Klebsiella_pneumoniae	Hungary	Central	HU	2017	0.378066378	0.002936858	0.41459854	0.411255411	0.331386861	13.4288	981.4	14457.60876	6.88	26.89432502	13080	28.938	0.841	0.089291483	0.522134185	0.529676974	9787966
Klebsiella_pneumoniae	Hungary	Central	HU	2018	0.326627219	0.00241838	0.380047506	0.402122642	0.289127838	13.6897	981.4	16150.77276	6.88	26.89432502	14760	28.649	0.845	0.053369705	0.487310886	0.554894567	9775564
Klebsiella_pneumoniae	Iceland	Northern	IS	2008	0.041666667	0	0.083333333	0.041666667	0.041666667	18.4473	4946	56409.7731	8.59	15.96008539	50100	6.605	0.892	2.343693018	1.83180964	1.865285873	317414
Klebsiella_pneumoniae	Iceland	Northern	IS	2009	0	0	0	0	0	17.1614	3693	41333.41853	8.87	16.6221723	41850	6.489	0.891	2.04151988	1.635218859	1.714270711	318499
Klebsiella_pneumoniae	Iceland	Northern	IS	2010	0	0	0	0.037037037	0	19.8185	3645	43024.92349	8.53	18.18674654	36250	6.426	0.892	1.942624211	1.585731506	1.713806868	318041
Klebsiella_pneumoniae	Iceland	Northern	IS	2011	0	0	0.041666667	0.076923077	0	19.8122	3867	47516.87469	8.25	18.47118735	37590	6.413	0.901	1.939585567	1.583260417	1.697877765	319014
Klebsiella_pneumoniae	Iceland	Northern	IS	2012	0	0	0.071428571	0.214285714	0	19.6668	3707	45910.02055	8.2	18.57059449	40680	6.4	0.908	1.886239171	1.491027832	1.685005426	320716
Klebsiella_pneumoniae	Iceland	Northern	IS	2013	0	0	0	0	0	19.4375	4031	49522.23659	8.22	18.25796515	46960	6.367	0.92	1.912273526	1.490048647	1.662147522	323764
Klebsiella_pneumoniae	Iceland	Northern	IS	2014	0.035714286	0	0.035714286	0	0	17.1125	4476	54241.93466	8.28	17.98097789	48230	6.333	0.924	1.827839136	1.491399884	1.708532214	327386
Klebsiella_pneumoniae	Iceland	Northern	IS	2015	0	0	0.028571429	0	0	17.5867	4282	52564.42919	8.15	17.63640493	50160	6.3	0.927	1.939109683	1.492079139	1.66732955	330815
Klebsiella_pneumoniae	Iceland	Northern	IS	2016	0	0	0	0	0	18.1668	5064	61466.80397	8.13	16.86918437	55150	6.265	0.932	1.949493647	1.385732055	1.51954484	335439
Klebsiella_pneumoniae	Iceland	Northern	IS	2017	0.117647059	0	0.0625	0.058823529	0	18.844	6086	71310.93925	8.33	16.48037881	60530	6.227	0.935	1.838142157	1.450543642	1.606575847	343400
Klebsiella_pneumoniae	Iceland	Northern	IS	2018	0	0	0	0	0	20.4498	6086	72968.70423	8.33	16.48037881	67890	6.187	0.938	1.843912721	1.465654731	1.718736887	352721
Klebsiella_pneumoniae	Ireland	Northern	IE	2008	0.094771242	0	0.105960265	0.108196721	0.040133779	19.309	5616	61262.10056	9.1	11.86308861	50920	38.859	0.9	1.749867439	1.500238299	1.715703964	4489544
Klebsiella_pneumoniae	Ireland	Northern	IE	2009	0.110759494	0	0.107936508	0.111464968	0.051118211	17.7884	5481	52105.15248	10.49	12.70052791	46810	38.658	0.896	1.759451747	1.336170197	1.750501871	4535375
Klebsiella_pneumoniae	Ireland	Northern	IE	2010	0.069400631	0	0.081761006	0.08490566	0.022082019	17.3857	5128	48715.17686	10.5	13.79563659	44880	38.458	0.89	1.688269019	1.349588037	1.768064141	4560155
Klebsiella_pneumoniae	Ireland	Northern	IE	2011	0.072368421	0.003311258	0.089108911	0.075657895	0.02970297	19.209	5563	51848.90973	10.69	13.9069587	41900	38.258	0.894	1.562962532	1.455905318	1.755929351	4580084
Klebsiella_pneumoniae	Ireland	Northern	IE	2012	0.091715976	0	0.073964497	0.095092025	0.033742331	19.4568	5240	48917.89756	10.68	13.88725638	40590	38.058	0.899	1.463657618	1.547128439	1.734316707	4599533
Klebsiella_pneumoniae	Ireland	Northern	IE	2013	0.173501577	0.003154574	0.14556962	0.193037975	0.079113924	20.0484	5330	51590.18845	10.29	14.27645087	43480	37.859	0.908	1.538591504	1.485335708	1.731722951	4623816
Klebsiella_pneumoniae	Ireland	Northern	IE	2014	0.121468927	0.005665722	0.135211268	0.115819209	0.073654391	19.5123	5392	55492.98268	9.65	14.03183043	46320	37.66	0.92	1.604880452	1.597104549	1.779152513	4657740
Klebsiella_pneumoniae	Ireland	Northern	IE	2015	0.159383033	0.005141388	0.170103093	0.147286822	0.072351421	21.2936	4565	61995.42278	7.34	13.24400157	50350	37.462	0.926	1.615371466	1.533082247	1.774898171	4701957
Klebsiella_pneumoniae	Ireland	Northern	IE	2016	0.114790287	0.006622517	0.112582781	0.134955752	0.057522124	20.3775	4721	63197.08237	7.38	12.77513355	52490	37.263	0.936	1.58335638	1.331620812	1.517243624	4755335
Klebsiella_pneumoniae	Ireland	Northern	IE	2017	0.118997912	0.00209205	0.148535565	0.146443515	0.05870021	19.35	4977	69822.34718	7.18	12.28111684	53480	37.053	0.939	1.548582196	1.290976882	1.427983165	4807388
Klebsiella_pneumoniae	Ireland	Northern	IE	2018	0.130434783	0.006224066	0.180124224	0.144927536	0.080745342	20.8627	4977	78621.22796	7.18	12.28111684	59640	36.83	0.942	1.547599554	1.420338392	1.463336468	4867316
Klebsiella_pneumoniae	Italy	Southern	IT	2008	0.239263804	0.019417476	0.275080906	0.389285714	0.217391304	23.5944	3490	40778.34274	8.56	21.33932561	37910	31.908	0.868	0.270140916	0.279626578	0.455116183	58826731
Klebsiella_pneumoniae	Italy	Southern	IT	2009	0.193103448	0.013157895	0.204013378	0.371323529	0.131355932	23.7273	3324	37079.75867	8.98	20.66364437	37870	31.791	0.868	0.199060738	0.421652019	0.404739648	59095365
Klebsiella_pneumoniae	Italy	Southern	IT	2010	0.254985755	0.151846785	0.385057471	0.465049929	0.218795888	23.0233	3215	36000.52012	8.95	20.54892778	37850	31.673	0.871	0.126922861	0.44190973	0.430328697	59277417
Klebsiella_pneumoniae	Italy	Southern	IT	2011	0.345177665	0.266666667	0.457286432	0.459330144	0.331417625	23.0974	3388	38599.06221	8.83	22.02690393	37900	31.556	0.875	0.181863904	0.377540648	0.466513753	59379449
Klebsiella_pneumoniae	Italy	Southern	IT	2012	0.369879518	0.29112426	0.499401198	0.478873239	0.339095745	22.5146	3126	35053.52624	8.96	21.67975903	36200	31.316	0.874	0.066174991	0.42067042	0.403319508	59539717
Klebsiella_pneumoniae	Italy	Southern	IT	2013	0.32537961	0.343427392	0.544117647	0.551006246	0.295588235	23.3234	3196	35549.9747	8.95	21.76292092	35550	31.021	0.873	0.05163566	0.458483517	0.402901322	60233948
Klebsiella_pneumoniae	Italy	Southern	IT	2014	0.362184874	0.329277567	0.556756757	0.564821835	0.319587629	22.6266	3190	35518.41529	9.01	22.13684618	34890	30.728	0.874	-0.029641563	0.374144018	0.37739116	60789140
Klebsiella_pneumoniae	Italy	Southern	IT	2015	0.33997955	0.335167584	0.5365	0.55877939	0.29742268	22.3836	2709	30230.2263	8.99	23.13825786	32980	30.435	0.875	0.016264148	0.447952747	0.275050968	60730582
Klebsiella_pneumoniae	Italy	Southern	IT	2016	0.361304348	0.339401821	0.560498221	0.558325913	0.327046918	21.8364	2736	30939.71425	8.88	22.92509377	31950	30.145	0.878	0.084406801	0.534770429	0.329159915	60627498
Klebsiella_pneumoniae	Italy	Southern	IT	2017	0.344612991	0.296886864	0.557377049	0.545954438	0.316326531	19.0155	2840	32406.72032	8.84	23.48580658	31360	29.856	0.881	0.188600972	0.502127409	0.324624747	60536709
Klebsiella_pneumoniae	Italy	Southern	IT	2018	0.269805024	0.267844523	0.526773296	0.535836763	0.24807589	19.4968	2840	34520.08516	8.84	23.48580658	33770	29.562	0.883	0.235666126	0.413883507	0.246396452	60421760
Klebsiella_pneumoniae	Latvia	Northern	LV	2008	0.512820513	0.025	0.45	0.575	0.307692308	9.6946	913.5	16376.99836	5.63	37.30623424	13440	32.166	0.821	0.254886359	0.558495283	0.809207201	2177322
Klebsiella_pneumoniae	Latvia	Northern	LV	2009	0.441860465	0	0.340909091	0.545454545	0.23255814	9.3298	744.7	12257.21657	6.15	38.78267705	14040	32.186	0.819	0.226274058	0.623809874	0.814353228	2141669
Klebsiella_pneumoniae	Latvia	Northern	LV	2010	0.53968254	0	0.523809524	0.546875	0.483870968	9.9464	689.1	11348.40623	6.15	37.18564808	12580	32.159	0.817	0.228307128	0.708809972	0.787803769	2097555
Klebsiella_pneumoniae	Latvia	Northern	LV	2011	0.338461538	0	0.380952381	0.384615385	0.333333333	10.7763	764.6	13832.39118	5.57	34.296754	13150	32.131	0.822	0.286647677	0.698138297	0.747023225	2059709
Klebsiella_pneumoniae	Latvia	Northern	LV	2012	0.512820513	0	0.461538462	0.628205128	0.423076923	10.9601	745.5	13850.64282	5.42	37.82342374	13850	32.103	0.825	0.245458975	0.838448524	0.785476744	2034319
Klebsiella_pneumoniae	Latvia	Northern	LV	2013	0.489130435	0	0.431818182	0.663043478	0.397727273	11.3423	807.1	15041.17446	5.4	38.47148418	14930	32.075	0.834	0.328415573	0.889026761	0.767849863	2012647
Klebsiella_pneumoniae	Latvia	Northern	LV	2014	0.43220339	0.016949153	0.448275862	0.528846154	0.413461538	10.624	855.6	15740.32675	5.47	39.10600841	15300	32.048	0.836	0.415365428	0.958550274	0.872382939	1993782
Klebsiella_pneumoniae	Latvia	Northern	LV	2015	0.433628319	0	0.419642857	0.469565217	0.366071429	11.1386	775.6	13698.93795	5.71	40.53730965	15010	32.02	0.842	0.468176097	1.08944416	0.794590116	1977527
Klebsiella_pneumoniae	Latvia	Northern	LV	2016	0.384615385	0.022222222	0.417582418	0.473684211	0.318681319	11.0567	874.2	14153.41492	6.21	43.44228208	14600	31.979	0.845	0.431138307	1.005264163	0.958982587	1959537
Klebsiella_pneumoniae	Latvia	Northern	LV	2017	0.3125	0	0.125	0.3125	0.125	12.0534	930.4	15586.58189	5.96	41.98757708	14720	31.925	0.849	0.53583014	0.903794527	0.931378543	1942248
Klebsiella_pneumoniae	Latvia	Northern	LV	2018	0.310344828	0.004901961	0.385	0.37745098	0.27638191	11.4286	930.4	17805.28031	5.96	41.98757708	16520	31.858	0.854	0.328646898	1.043451786	0.956315875	1927174
Klebsiella_pneumoniae	Lithuania	Northern	LT	2008	0.407407407	0	0.230769231	0.358490566	0.176470588	20.996	936.5	14961.56818	6.29	28.17394733	12660	33.152	0.831	0.139662281	0.616990626	0.72248292	3198231
Klebsiella_pneumoniae	Lithuania	Northern	LT	2009	0.558823529	0	0.373134328	0.567164179	0.348484848	16.1981	864.7	11837.39103	7.36	26.81708038	12430	33.158	0.821	0.231553197	0.693558395	0.728031814	3162916
Klebsiella_pneumoniae	Lithuania	Northern	LT	2010	0.518518519	0	0.3625	0.50617284	0.325	14.411	805.2	11957.08421	6.82	27.59107947	12560	33.243	0.824	0.376731932	0.743253648	0.782363355	3097282
Klebsiella_pneumoniae	Lithuania	Northern	LT	2011	0.554744526	0	0.547445255	0.605839416	0.430656934	15.4814	925.5	14354.18838	6.5	28.22128236	13290	33.259	0.831	0.327106059	0.703799188	0.774957716	3028115
Klebsiella_pneumoniae	Lithuania	Northern	LT	2012	0.637837838	0	0.554347826	0.639784946	0.52173913	13.2688	896.9	14339.28787	6.29	31.8008393	14070	33.136	0.835	0.393993855	0.833409011	0.85041523	2987773
Klebsiella_pneumoniae	Lithuania	Northern	LT	2013	0.475862069	0	0.451388889	0.44137931	0.333333333	15.1148	958.9	15702.14306	6.14	32.82087147	15310	33.014	0.84	0.426032931	0.831737101	0.836003721	2957689
Klebsiella_pneumoniae	Lithuania	Northern	LT	2014	0.493421053	0.012987013	0.454545455	0.525974026	0.355263158	13.126	1021	16548.40641	6.2	31.49276078	16040	32.892	0.852	0.558858037	0.982653379	0.939177334	2932367
Klebsiella_pneumoniae	Lithuania	Northern	LT	2015	0.463687151	0	0.458100559	0.516853933	0.398876404	13.636	920.2	14249.11497	6.48	31.83712065	15170	32.77	0.855	0.617654681	1.184934258	1.008047462	2904910
Klebsiella_pneumoniae	Lithuania	Northern	LT	2016	0.492307692	0	0.546296296	0.567484663	0.421052632	13.5114	988.5	14999.47964	6.64	32.31704831	14870	32.634	0.86	0.713836074	1.070065498	1.029358149	2868231
Klebsiella_pneumoniae	Lithuania	Northern	LT	2017	0.537267081	0.006153846	0.647239264	0.63190184	0.48136646	13.5566	1078	16882.63947	6.46	32.2738111	15260	32.484	0.866	0.553735316	0.965336978	0.99265039	2828403
Klebsiella_pneumoniae	Lithuania	Northern	LT	2018	0.485094851	0.002695418	0.567567568	0.557951482	0.451086957	15.4257	1078	19080.61737	6.46	32.2738111	17380	32.321	0.869	0.4979783	1.072397828	0.956690431	2801543
Klebsiella_pneumoniae	Luxembourg	Western	LU	2008	0.096153846	0	0.117647059	0.192307692	0.019607843	22.9926	7548	114293.8433	6.54	10.06149203	88000	12.2	0.89	1.971971512	1.625626564	1.801214099	488650
Klebsiella_pneumoniae	Luxembourg	Western	LU	2009	0.178571429	0	0.214285714	0.25	0.142857143	23.7525	7640	103198.6693	7.34	9.895283729	71220	11.822	0.885	1.973333359	1.747320056	1.827186227	497783
Klebsiella_pneumoniae	Luxembourg	Western	LU	2010	0.050847458	0	0.06779661	0.050847458	0.033898305	23.1935	7452	104965.3061	7.03	10.23235396	78220	11.453	0.893	2.046461344	1.721773505	1.85144341	506953
Klebsiella_pneumoniae	Luxembourg	Western	LU	2011	0.291666667	0	0.333333333	0.354166667	0.270833333	23.3347	7165	115761.5077	6.11	10.87945402	76260	11.094	0.892	2.159843683	1.748484015	1.833190441	518347
Klebsiella_pneumoniae	Luxembourg	Western	LU	2012	0.26	0	0.32	0.34	0.2	23.1448	7097	106749.0136	6.57	10.4518801	75450	10.751	0.892	2.122711658	1.672071934	1.7989043	530946
Klebsiella_pneumoniae	Luxembourg	Western	LU	2013	0.283018868	0.018867925	0.226415094	0.339622642	0.169811321	23.1353	6522	113625.1329	5.67	11.06899157	75500	10.426	0.892	2.123356342	1.629902482	1.816298723	543360
Klebsiella_pneumoniae	Luxembourg	Western	LU	2014	0.196969697	0.015151515	0.318181818	0.348484848	0.166666667	21.5989	6681	118823.6484	5.56	11.05491295	76470	10.116	0.895	2.073182344	1.65443325	1.906487703	556319
Klebsiella_pneumoniae	Luxembourg	Western	LU	2015	0.15	0	0.2	0.283333333	0.133333333	21.8471	5567	101376.4966	5.48	10.61571091	72470	9.821	0.899	2.09668684	1.72407794	1.874648809	569604
Klebsiella_pneumoniae	Luxembourg	Western	LU	2016	0.269230769	0	0.358974359	0.358974359	0.243589744	21.3645	5596	104278.391	5.47	10.49742699	68670	9.54	0.904	2.096853733	1.692345738	1.760356069	582014
Klebsiella_pneumoniae	Luxembourg	Western	LU	2017	0.181818182	0	0.282828283	0.272727273	0.171717172	20.9298	5783	107627.151	5.48	10.6895417	66430	9.273	0.908	1.985519648	1.683146834	1.737712979	596336
Klebsiella_pneumoniae	Luxembourg	Western	LU	2018	0.2	0	0.247058824	0.294117647	0.152941176	20.6867	5783	116654.2611	5.48	10.6895417	70910	9.019	0.909	2.088051796	1.778221369	1.80984962	607950
Klebsiella_pneumoniae	Malta	Southern	MT	2008	0	0	0.083333333	0	0	17.893	1751	21928.70067	7.96	32.99180269	19950	6.071	0.833	0.997960448	1.279612303	1.624920011	409379
Klebsiella_pneumoniae	Malta	Southern	MT	2009	0	0	0.026315789	0	0	18.6035	1677	20675.58259	8.08	32.45967627	19520	5.999	0.835	0.772958219	1.173995137	1.480706453	412477
Klebsiella_pneumoniae	Malta	Southern	MT	2010	0.122807018	0	0.157894737	0.122807018	0.052631579	18.0963	1734	21107.36443	8.21	33.02583098	20540	5.928	0.847	0.790017307	1.192727447	1.416975498	414508
Klebsiella_pneumoniae	Malta	Southern	MT	2011	0.096153846	0.038461538	0.134615385	0.134615385	0.038461538	20.0757	1960	22858.58609	8.56	33.16239417	21440	5.859	0.848	0.766042888	1.195340633	1.286828995	416268
Klebsiella_pneumoniae	Malta	Southern	MT	2012	0.267857143	0.035714286	0.267857143	0.267857143	0.196428571	19.4984	1899	21916.41159	8.61	32.09076226	21650	5.789	0.854	0.94321835	1.247961402	1.344981909	420028
Klebsiella_pneumoniae	Malta	Southern	MT	2013	0.268656716	0.059701493	0.28358209	0.28358209	0.208955224	20.6661	2121	23837.27999	8.83	30.22222221	22710	5.721	0.861	0.983500004	1.257873297	1.333084106	425967
Klebsiella_pneumoniae	Malta	Southern	MT	2014	0.282828283	0.090909091	0.323232323	0.282828283	0.252525253	20.4509	2462	26008.82772	9.37	36.38644814	24260	5.653	0.868	0.851744354	1.028361678	1.193639755	434558
Klebsiella_pneumoniae	Malta	Southern	MT	2015	0.227272727	0.045454545	0.261363636	0.159090909	0.147727273	18.7583	2250	24002.52329	9.24	37.10762262	24680	5.586	0.877	0.900374472	0.850428402	1.135585546	445053
Klebsiella_pneumoniae	Malta	Southern	MT	2016	0.225490196	0.058823529	0.333333333	0.215686275	0.147058824	18.3857	2328	25133.04565	9.17	35.02109647	23580	5.52	0.881	0.721244872	0.9557845	0.997758865	455356
Klebsiella_pneumoniae	Malta	Southern	MT	2017	0.316239316	0.102564103	0.393162393	0.35042735	0.282051282	19.7945	2586	27239.0701	9.34	34.75378752	23570	5.454	0.883	0.739660442	1.004371881	1.143620372	467999
Klebsiella_pneumoniae	Malta	Southern	MT	2018	0.467153285	0.154411765	0.554744526	0.532846715	0.437956204	18.5797	2586	30133.46617	9.34	34.75378752	26350	5.388	0.885	0.579995453	0.968795955	1.053262472	484630
Klebsiella_pneumoniae	Netherlands	Western	NL	2008	0.073434125	0	0.065359477	0.075757576	0.037117904	10.0085	5361	57644.47997	9.28	9.923715144	52670	14.598	0.906	2.11823535	1.696206212	1.761363387	16445593
Klebsiella_pneumoniae	Netherlands	Western	NL	2009	0.032911392	0	0.040712468	0.055	0.01055409	10.1139	5262	52514.02712	9.99	9.069506824	53670	13.712	0.906	2.13432312	1.739726305	1.814506173	16530388
Klebsiella_pneumoniae	Netherlands	Western	NL	2010	0.065217391	0.003125	0.069875776	0.071762871	0.037617555	10.008	5187	50950.03434	10.16	9.095671028	53900	12.866	0.911	2.143759251	1.729365945	1.819352388	16615394
Klebsiella_pneumoniae	Netherlands	Western	NL	2011	0.081043956	0.002770083	0.072802198	0.080555556	0.043055556	10.1292	5555	54159.34661	10.23	9.482382983	54480	12.121	0.922	2.120604277	1.788898706	1.822073698	16693074
Klebsiella_pneumoniae	Netherlands	Western	NL	2012	0.062773723	0.001461988	0.053731343	0.067349927	0.026986507	10.0884	5285	50073.00566	10.54	10.0906767	52930	11.412	0.921	2.117599487	1.813399553	1.861233473	16754962
Klebsiella_pneumoniae	Netherlands	Western	NL	2013	0.061349693	0.001547988	0.061128527	0.074534161	0.022222222	9.6108	5531	52184.06185	10.58	11.53488532	52950	10.813	0.924	2.046001911	1.78395927	1.8350811	16804432
Klebsiella_pneumoniae	Netherlands	Western	NL	2014	0.038975501	0.002214839	0.047404063	0.054884742	0.019653179	9.4164	5594	52830.17423	10.57	11.58756539	51980	10.31	0.925	1.990493894	1.817106485	1.980402589	16865008
Klebsiella_pneumoniae	Netherlands	Western	NL	2015	0.057268722	0.001102536	0.068281938	0.085903084	0.029735683	9.4898	4675	45175.23189	10.32	11.28642857	49810	9.827	0.927	1.884297013	1.832506895	1.944192171	16939923
Klebsiella_pneumoniae	Netherlands	Western	NL	2016	0.060846561	0.000884173	0.068783069	0.103174603	0.035273369	9.2481	4753	46007.85292	10.3	11.30024791	46900	9.365	0.929	1.913111448	1.833539486	1.894409895	17030314
Klebsiella_pneumoniae	Netherlands	Western	NL	2017	0.076470588	0.005042017	0.119327731	0.109335576	0.050462574	8.9412	4911	48675.22234	10.1	11.08693331	47140	8.923	0.932	1.867299438	1.85179317	1.830022931	17131296
Klebsiella_pneumoniae	Netherlands	Western	NL	2018	0.073302469	0.004633205	0.12191358	0.111196911	0.047104247	8.8975	4911	53048.09621	10.1	11.08693331	51310	8.51	0.934	2.009312391	1.850465655	1.815322399	17231624
Klebsiella_pneumoniae	Norway	Northern	NO	2008	0.014367816	0.006734007	0.037463977	0.017191977	0.005780347	15.2127	7768	96944.09561	7.96	15.65692127	87520	21.474	0.938	1.906426668	1.842090368	1.970246673	4768212
Klebsiella_pneumoniae	Norway	Northern	NO	2009	0.030456853	0	0.056122449	0.027777778	0.015345269	14.8862	7302	79977.69708	9.06	15.25448412	87910	21.185	0.938	1.994785309	1.841374755	1.881072044	4828726
Klebsiella_pneumoniae	Norway	Northern	NO	2010	0.016985138	0	0.073529412	0.020876827	0.010683761	15.4061	7860	87693.79007	8.9	15.04647136	88560	20.898	0.942	2.085211277	1.878928065	1.897269487	4889252
Klebsiella_pneumoniae	Norway	Northern	NO	2011	0.028169014	0	0.035128806	0.028503563	0.00802139	16.1062	8900	100600.5624	8.78	15.20982683	90420	20.545	0.943	2.149326324	1.837559104	1.873943806	4953088
Klebsiella_pneumoniae	Norway	Northern	NO	2012	0.024115756	0.004815409	0.040268456	0.032206119	0.015177066	16.5331	8970	101524.1419	8.77	14.80008215	99220	20.126	0.942	2.256409407	1.909127474	1.958512545	5018573
Klebsiella_pneumoniae	Norway	Northern	NO	2013	0.023291925	0.001550388	0.048701299	0.040310078	0.017857143	15.8313	9241	102913.4508	8.92	14.59419578	104330	19.714	0.946	2.294474602	1.884966731	1.980009913	5079623
Klebsiella_pneumoniae	Norway	Northern	NO	2014	0.048387097	0	0.061662198	0.058981233	0.038978495	15.5436	9118	97019.18275	9.33	14.37853277	104560	19.308	0.945	2.226565599	1.828457475	2.029048204	5137232
Klebsiella_pneumoniae	Norway	Northern	NO	2015	0.035714286	0.001428571	0.05	0.049928673	0.022889843	15.4323	7566	74355.51586	10.11	14.14276958	93110	18.909	0.948	2.242803812	1.864499331	2.011147022	5188607
Klebsiella_pneumoniae	Norway	Northern	NO	2016	0.033374536	0	0.043316832	0.057953144	0.026022305	14.8937	7497	70459.1825	10.52	14.27099854	81810	18.515	0.951	2.196582556	1.86937499	2.036334038	5234519
Klebsiella_pneumoniae	Norway	Northern	NO	2017	0.042253521	0	0.102432778	0.057618438	0.032010243	14.3658	7936	75496.75406	10.45	14.17728662	76210	18.129	0.953	2.236802578	1.983223081	2.020279169	5276968
Klebsiella_pneumoniae	Norway	Northern	NO	2018	0.052917232	0.001358696	0.130612245	0.074626866	0.038095238	13.9812	7936	81734.46557	10.45	14.17728662	80640	17.752	0.954	2.090203762	1.887119412	1.964528322	5311916
Klebsiella_pneumoniae	Poland	Central	PL	2008	0.263157895	0.007194245	0.315789474	0.368421053	0.210526316	17.414	892.6	14001.38156	6.37	24.43300337	11970	38.884	0.824	0.461351156	0.473243326	0.546503127	38125759
Klebsiella_pneumoniae	Poland	Central	PL	2009	0.296551724	0.007194245	0.323741007	0.48951049	0.15503876	20.0809	759.6	11527.53442	6.59	24.51955527	12530	38.996	0.828	0.445084333	0.531756818	0.62840575	38151603
Klebsiella_pneumoniae	Poland	Central	PL	2010	0.31797235	0	0.330316742	0.396551724	0.236180905	17.9982	809.2	12599.53358	6.42	23.86526614	12770	39.108	0.835	0.497079551	0.640948951	0.683574736	38042794
Klebsiella_pneumoniae	Poland	Central	PL	2011	0.480874317	0.005319149	0.577235772	0.597122302	0.37295082	18.2179	866.1	13893.50926	6.23	23.96363318	12950	39.22	0.84	0.557022214	0.620748818	0.766173959	38063255
Klebsiella_pneumoniae	Poland	Central	PL	2012	0.535519126	0.008356546	0.601671309	0.604972376	0.502857143	19.8787	815.1	13145.53926	6.2	24.2740646	13300	39.346	0.836	0.663234055	0.675630391	0.780411541	38063164
Klebsiella_pneumoniae	Poland	Central	PL	2013	0.604395604	0.008108108	0.700534759	0.651595745	0.542857143	20.4971	878.1	13781.06261	6.38	23.80160242	13530	39.471	0.851	0.596016347	0.722514808	0.819490671	38040196
Klebsiella_pneumoniae	Poland	Central	PL	2014	0.591208791	0.013303769	0.679120879	0.68172043	0.546275395	19.8834	911.3	14347.91458	6.35	23.01104367	13680	39.597	0.853	0.635148048	0.827383578	0.840595961	38011735
Klebsiella_pneumoniae	Poland	Central	PL	2015	0.585585586	0.004545455	0.638846737	0.642011834	0.539534884	22.8069	804	12572.4266	6.4	23.31281453	13350	39.722	0.858	0.669521451	0.798782945	0.802058518	37986412
Klebsiella_pneumoniae	Poland	Central	PL	2016	0.566511628	0.021371327	0.668453977	0.644483363	0.536121673	20.7318	813.5	12431.81589	6.54	23.08046073	12680	39.822	0.864	0.739105165	0.706566393	0.636217952	37970087
Klebsiella_pneumoniae	Poland	Central	PL	2017	0.554506438	0.063738157	0.663058187	0.630091438	0.526315789	23.7883	906.8	13861.30936	6.54	23.04979265	12740	39.895	0.868	0.724992394	0.643040895	0.472560197	37974826
Klebsiella_pneumoniae	Poland	Central	PL	2018	0.542444822	0.08114962	0.681855841	0.646431501	0.515490534	23.0221	906.8	15460.64428	6.54	23.04979265	14150	39.942	0.872	0.641523778	0.662650824	0.427449137	37974750
Klebsiella_pneumoniae	Portugal	Southern	PT	2008	0.189686924	0.007246377	0.21780303	0.257035647	0.089353612	18.99	2322	24847.54514	9.35	25.81731975	22590	40.641	0.814	1.070165277	1.085485101	1.020403624	10558177
Klebsiella_pneumoniae	Portugal	Southern	PT	2009	0.205357143	0.008247423	0.275605214	0.275179856	0.145833333	19.134	2279	23059.79745	9.88	24.60703701	22920	40.036	0.817	1.092931271	1.156264782	1.064921498	10568247
Klebsiella_pneumoniae	Portugal	Southern	PT	2010	0.266778523	0.013544018	0.31358885	0.282758621	0.194003527	18.612	2213	22498.69086	9.82	24.55263883	22960	39.433	0.822	1.090370893	1.010234594	1.05659771	10573100
Klebsiella_pneumoniae	Portugal	Southern	PT	2011	0.315024233	0.003448276	0.363047002	0.353896104	0.208469055	19.2262	2208	23186.91313	9.53	26.30024552	22720	38.833	0.827	1.112963796	0.947194099	1.02385664	10557560
Klebsiella_pneumoniae	Portugal	Southern	PT	2012	0.317948718	0.006675567	0.357786358	0.386683739	0.25128866	18.7098	1919	20564.88986	9.35	28.17890942	21150	38.237	0.829	0.96023792	1.035027623	1.065502048	10514844
Klebsiella_pneumoniae	Portugal	Southern	PT	2013	0.293859649	0.017699115	0.356750823	0.369923161	0.216721672	16.0974	1959	21647.04181	9.09	26.9631058	21370	37.648	0.837	0.950478137	1.230732441	1.058801651	10457295
Klebsiella_pneumoniae	Portugal	Southern	PT	2014	0.305392732	0.017636684	0.365070093	0.408878505	0.227565982	16.5963	1987	22074.30076	9.02	27.70278156	21190	37.064	0.84	0.947626293	0.988590837	1.137530565	10401062
Klebsiella_pneumoniae	Portugal	Southern	PT	2015	0.325837321	0.033573141	0.385864374	0.404011461	0.249520154	17.3372	1725	19242.36647	8.97	27.72781551	20440	36.486	0.843	0.964724958	1.220341086	1.146594763	10358076
Klebsiella_pneumoniae	Portugal	Southern	PT	2016	0.350449294	0.051709402	0.417021277	0.467007237	0.27186964	17.5384	1803	19978.40121	9.04	27.79162228	19930	35.914	0.846	0.92550689	1.209820509	1.097241998	10325452
Klebsiella_pneumoniae	Portugal	Southern	PT	2017	0.335296283	0.086397059	0.456871345	0.449143274	0.284028034	16.3669	1908	21490.42986	8.97	27.53207982	20050	35.348	0.848	0.873952627	1.332027793	1.132149458	10300300
Klebsiella_pneumoniae	Portugal	Southern	PT	2018	0.3437014	0.117050332	0.437885802	0.499806126	0.266745469	17.1966	1908	23461.57186	8.97	27.53207982	21990	34.789	0.85	0.849960387	1.208908916	1.140163064	10283822
Klebsiella_pneumoniae	Romania	Eastern	RO	2008	0.470588235	0	0.105263158	0.647058824	0.117647059	9.6463	521.3	10435.04398	5.02	18.182154	8800	46.433	0.795	-0.14283666	-0.324172407	-0.013610071	20537875
Klebsiella_pneumoniae	Romania	Eastern	RO	2009	0.470588235	0	0.105263158	0.647058824	0.117647059	9.6463	449.4	8548.118672	5.28	20.78450471	9220	46.302	0.798	-0.262549967	-0.359749705	0.045407757	20367487
Klebsiella_pneumoniae	Romania	Eastern	RO	2010	0.705882353	0	0.294117647	0.705882353	0.235294118	18.06145	472.2	8209.919456	5.77	19.63123679	8640	46.171	0.797	-0.226526499	-0.265529186	0.048213527	20246871
Klebsiella_pneumoniae	Romania	Eastern	RO	2011	0.5	0	0.3	0.44	0.3	26.4766	426.6	9104.995622	4.7	24.27583933	8660	46.04	0.798	-0.213255227	-0.328980565	0.056954619	20147528
Klebsiella_pneumoniae	Romania	Eastern	RO	2012	0.545454545	0.137254902	0.5	0.607843137	0.422680412	25.9402	401.7	8535.046876	4.72	22.42794037	8780	46.026	0.796	-0.263397515	-0.311950058	0.042129636	20058035
Klebsiella_pneumoniae	Romania	Eastern	RO	2013	0.572769953	0.204651163	0.516431925	0.672897196	0.428571429	26.7645	495.2	9555.244217	5.19	20.17611563	9320	46.063	0.8	-0.18797645	-0.074424632	0.125015959	19983693
Klebsiella_pneumoniae	Romania	Eastern	RO	2014	0.676	0.315175097	0.66536965	0.73828125	0.562753036	26.6204	503.3	10026.97358	5.03	20.31369954	9680	46.1	0.803	-0.112616196	-0.025993757	0.165362	19908979
Klebsiella_pneumoniae	Romania	Eastern	RO	2015	0.541353383	0.247232472	0.61423221	0.707407407	0.498084291	28.0473	442.2	8977.437382	4.94	21.28169239	9650	46.113	0.806	-0.017646439	-0.056130581	0.157543659	19815616
Klebsiella_pneumoniae	Romania	Eastern	RO	2016	0.619047619	0.314371257	0.608187135	0.680232558	0.552238806	24.4245	476.2	9567.129345	4.99	20.75504959	9650	46.1	0.808	-0.018714854	-0.169035584	0.360988885	19702267
Klebsiella_pneumoniae	Romania	Eastern	RO	2017	0.585798817	0.224550898	0.640949555	0.625368732	0.553571429	24.5039	555.1	10807.79539	5.16	20.48804611	10110	46.064	0.813	-0.03147899	-0.172128066	0.387540936	19587290
Klebsiella_pneumoniae	Romania	Eastern	RO	2018	0.509174312	0.29478458	0.573696145	0.613995485	0.463133641	24.9563	555.1	12408.59649	5.16	20.48804611	11430	46.002	0.816	-0.121651269	-0.253441751	0.325064033	19472545
Klebsiella_pneumoniae	Slovenia	Central	SI	2008	0.229299363	0	0.25477707	0.261146497	0.191082803	12.6229	2171	27483.33695	7.85	12.63994575	24620	47.791	0.878	0.981918633	1.187827349	1.00898242	2021316
Klebsiella_pneumoniae	Slovenia	Central	SI	2009	0.275132275	0.005291005	0.26984127	0.312169312	0.216931217	11.9269	2117	24694.23056	8.56	12.77988851	24380	47.567	0.877	1.058565736	1.154733896	1.07542634	2039669
Klebsiella_pneumoniae	Slovenia	Central	SI	2010	0.224489796	0.005128205	0.25	0.224489796	0.178571429	11.8137	2015	23509.54339	8.59	12.6401633	24540	47.342	0.881	0.922867894	1.02644074	1.008394241	2048583
Klebsiella_pneumoniae	Slovenia	Central	SI	2011	0.219827586	0	0.353448276	0.301724138	0.198275862	11.8791	2145	25095.13263	8.57	12.19664216	24580	47.117	0.883	0.948806465	0.98951149	1.052851915	2052843
Klebsiella_pneumoniae	Slovenia	Central	SI	2012	0.204724409	0.003937008	0.330708661	0.283464567	0.173228346	11.783	1975	22643.10025	8.76	12.4599658	23250	46.892	0.876	0.839746892	1.031650066	1.014998674	2057159
Klebsiella_pneumoniae	Slovenia	Central	SI	2013	0.2	0.004081633	0.326530612	0.289795918	0.159183673	11.907	2055	23496.60231	8.79	12.45486438	23230	46.668	0.884	0.729321599	1.013162732	1.000792265	2059953
Klebsiella_pneumoniae	Slovenia	Central	SI	2014	0.201716738	0.008583691	0.326180258	0.266094421	0.188841202	11.6207	2060	24214.92207	8.51	12.98344582	23610	46.443	0.886	0.726776481	1.005159855	1.001514196	2061980
Klebsiella_pneumoniae	Slovenia	Central	SI	2015	0.189873418	0.012658228	0.244725738	0.227848101	0.168776371	11.855	1775	20881.76677	8.5	12.49877736	22250	46.219	0.886	0.772998154	0.972418487	0.974570155	2063531
Klebsiella_pneumoniae	Slovenia	Central	SI	2016	0.164794007	0	0.29588015	0.228464419	0.131086142	10.6526	1834	21622.58068	8.48	12.00222373	21750	45.98	0.892	0.822988153	1.127258778	1.082672358	2065042
Klebsiella_pneumoniae	Slovenia	Central	SI	2017	0.16025641	0	0.303921569	0.237179487	0.160130719	10.7356	1920	23500.75223	8.19	12.32816875	22110	45.727	0.899	0.813808024	1.170688272	1.023465395	2066388
Klebsiella_pneumoniae	Slovenia	Central	SI	2018	0.203220574	0.00400932	0.299900859	0.263620459	0.175899887	11.83435	2035	23505.14781	8.535	12.47937158	23430	46.78	0.8835	0.831367523	1.029045403	1.011990547	2058556
Klebsiella_pneumoniae	Spain	Southern	ES	2008	0.089341693	0	0.148669797	0.118935837	0.042319749	15.7652	2968	35366.2596	8.29	21.01576924	32190	22.024	0.856	1.190226078	0.920346916	1.193508863	45954106
Klebsiella_pneumoniae	Spain	Southern	ES	2009	0.090764331	0.00173913	0.157894737	0.111464968	0.04784689	15.6735	2913	32042.47408	8.98	19.5030123	32460	21.79	0.858	1.062199712	0.945832193	1.162589192	46362946
Klebsiella_pneumoniae	Spain	Southern	ES	2010	0.086993971	0	0.136089578	0.102497847	0.047372954	16.194	2775	30502.71971	9.01	20.75950205	31880	21.558	0.865	1.084354401	0.994798839	1.188944459	46576897
Klebsiella_pneumoniae	Spain	Southern	ES	2011	0.104803493	0.003496503	0.170305677	0.133624454	0.082969432	16.597	2895	31636.44631	9.08	21.11074477	30950	21.327	0.87	1.104123712	1.02723515	1.198051929	46742697
Klebsiella_pneumoniae	Spain	Southern	ES	2012	0.141370338	0.0078125	0.165217391	0.167389419	0.088695652	15.6555	2589	28324.42934	9.07	22.84075618	29520	21.098	0.873	1.128225803	1.120682478	1.064827085	46773055
Klebsiella_pneumoniae	Spain	Southern	ES	2013	0.158742949	0.016116035	0.21837228	0.198227236	0.112006446	16.1563	2629	29059.54795	9.02	23.98318201	29210	20.867	0.875	0.903092504	1.154522538	1.0205158	46620045
Klebsiella_pneumoniae	Spain	Southern	ES	2014	0.138449367	0.022906793	0.186413902	0.180237154	0.100554236	17.0698	2671	29461.55033	9.02	24.36438203	29130	20.634	0.88	0.629841745	1.1597054	0.952644229	46480882
Klebsiella_pneumoniae	Spain	Southern	ES	2015	0.159708416	0.021577883	0.215517241	0.203219316	0.116935484	17.4888	2352	25732.01836	9.11	23.78713787	28430	20.398	0.885	0.583900213	1.174035192	0.901592016	46444832
Klebsiella_pneumoniae	Spain	Southern	ES	2016	0.154946365	0.020870602	0.227326969	0.223613596	0.124253286	25.6276	2391	26505.34322	8.97	23.93914312	27530	20.16	0.888	0.515630543	1.115842104	0.978824794	46484062
Klebsiella_pneumoniae	Spain	Southern	ES	2017	0.174487773	0.02781457	0.225437416	0.212822208	0.128032345	25.0078	2506	28170.43457	8.87	23.56579006	27060	19.92	0.891	0.491772741	1.033853531	1.008470416	46593236
Klebsiella_pneumoniae	Spain	Southern	ES	2018	0.193483709	0.038095238	0.237675143	0.254764293	0.157320872	24.3111	2506	30337.67913	8.87	23.56579006	29320	19.679	0.893	0.613605201	1.002135754	0.968262732	46797754
Klebsiella_pneumoniae	Sweden	Northern	SE	2008	0.010909091	0	0.070247934	0.023030303	0.006906077	14.2216	4653	56152.55234	8.3	16.92032367	55480	15.254	0.901	2.227349281	1.956433296	1.931482196	9219637
Klebsiella_pneumoniae	Sweden	Northern	SE	2009	0.013630646	0.001412429	0.064099708	0.023391636	0.007666522	13.6945	4152	46946.96027	8.93	16.90623462	52470	15.098	0.899	2.253190994	2.045358896	1.965965271	9298515
Klebsiella_pneumoniae	Sweden	Northern	SE	2010	0.016352201	0.002824859	0.057951482	0.023752969	0.008426966	13.7565	4437	52869.04429	8.48	16.94122553	54580	14.944	0.906	2.274586916	2.004213095	1.955096722	9378126
Klebsiella_pneumoniae	Sweden	Northern	SE	2011	0.019586507	0	0.038176034	0.023329799	0.008988764	13.8858	6387	60755.75955	10.67	15.0433436	56570	14.703	0.906	2.196956873	1.96506381	1.941077232	9449213
Klebsiella_pneumoniae	Sweden	Northern	SE	2012	0.024564995	0.001023541	0.036847492	0.028659161	0.01432958	13.7087	6274	58037.82132	10.93	15.4042542	58930	14.38	0.908	2.312869072	1.957009554	1.951555252	9519374
Klebsiella_pneumoniae	Sweden	Northern	SE	2013	0.029149798	0	0.039370079	0.036153846	0.017004049	12.65	6723	61126.9432	11.09	15.53537697	61580	14.064	0.927	2.29162097	1.909026146	1.972878098	9600379
Klebsiella_pneumoniae	Sweden	Northern	SE	2014	0.03255814	0	0.040629096	0.045	0.014446228	12.4811	6628	60020.36046	11.13	15.51090479	61690	13.753	0.929	2.153375149	1.803889275	1.992006302	9696110
Klebsiella_pneumoniae	Sweden	Northern	SE	2015	0.031813362	0	0.045203969	0.032967033	0.018604651	11.9241	5623	51545.48361	11	15.48625827	58250	13.447	0.932	2.241128206	1.815902472	2.037792206	9799186
Klebsiella_pneumoniae	Sweden	Northern	SE	2016	0.034180543	0.001306336	0.054142205	0.048796357	0.021034181	11.6734	5707	51965.15715	10.98	15.33536315	54370	13.148	0.934	2.191839695	1.773643494	2.01903367	9923085
Klebsiella_pneumoniae	Sweden	Northern	SE	2017	0.047434656	0.000968054	0.097678917	0.056092843	0.032913843	11.2584	5905	53791.50873	11.02	15.03260434	52970	12.854	0.935	2.138959408	1.837575555	1.936156511	10057698
Klebsiella_pneumoniae	Sweden	Northern	SE	2018	0.030358786	0.001838235	0.101195952	0.055096419	0.025782689	10.7826	5905	54589.06039	11.02	15.03260434	55620	12.569	0.937	2.139881849	1.830975056	1.894910097	10175214
Klebsiella_pneumoniae	UK	Northern	UK	2008	0.056478405	0.012396694	0.070121951	0.067114094	0.045627376	14.9073	3606	47286.99849	7.65	9.436758608	48580	19.243	0.896	1.682486892	1.643774986	1.708198905	61806995
Klebsiella_pneumoniae	UK	Northern	UK	2009	0.054676259	0.001692047	0.057575758	0.071755725	0.030744337	15.1974	3274	38713.13743	8.48	9.372603148	44220	18.969	0.899	1.632727146	1.512003183	1.7389853	62276270
Klebsiella_pneumoniae	UK	Northern	UK	2010	0.048933501	0.001477105	0.07421875	0.096904441	0.035663338	16.4634	3309	39435.8399	8.43	9.79340598	41650	18.698	0.905	1.604826927	1.568379402	1.764102578	62766365
Klebsiella_pneumoniae	UK	Northern	UK	2011	0.042900919	0.003636364	0.045685279	0.053475936	0.020787746	16.5041	3502	42038.57225	8.38	9.883193672	41070	18.43	0.899	1.616091013	1.558900833	1.650690675	63258810
Klebsiella_pneumoniae	UK	Northern	UK	2012	0.061378659	0.004504505	0.074324324	0.118152524	0.023001095	17.661	3493	42462.77157	8.29	9.715238214	41700	18.163	0.897	1.674152732	1.547542214	1.718675971	63700215
Klebsiella_pneumoniae	UK	Northern	UK	2013	0.063628547	0.004757374	0.086580087	0.136490251	0.047663551	18.3145	4208	43444.533	9.77	15.03525972	42740	17.898	0.914	1.699135184	1.495450616	1.705037713	64128273
Klebsiella_pneumoniae	UK	Northern	UK	2014	0.055366269	0.008419083	0.07699115	0.093047035	0.030769231	18.5446	4601	47425.60768	9.76	14.97426927	44330	17.635	0.918	1.738477588	1.626729727	1.889571428	64602298
Klebsiella_pneumoniae	UK	Northern	UK	2015	0.092523364	0.004158004	0.132542038	0.104803493	0.041942605	17.8977	4326	44974.83188	9.69	15.12357891	44290	17.374	0.916	1.876371026	1.743744612	1.813059926	65116219
Klebsiella_pneumoniae	UK	Northern	UK	2016	0.066505441	0.002704031	0.074784748	0.088656106	0.036928799	17.452	3945	41064.13343	9.7	15.49326032	42980	17.114	0.918	1.898976684	1.60161829	1.691506982	65611593
Klebsiella_pneumoniae	UK	Northern	UK	2017	0.079433153	0.005877892	0.092764028	0.113613513	0.042016807	17.0555	3859	40361.41738	9.63	15.95682204	41370	16.857	0.919	1.843364477	1.414132953	1.679469466	66058859
Klebsiella_pneumoniae	UK	Northern	UK	2018	0.090733929	0.006974249	0.130892857	0.129897703	0.056543457	16.2974	3859	43043.22782	9.63	15.95682204	41730	16.602	0.92	1.826838136	1.341883779	1.637675166	66460344
